Layer 1
100
4933
715
721
748
749
750
751
752
753
754
755
756
757
758
759
760
761
762
763
764
765
766
767
768
769
770
772
773
774
775
776
777
778
779
780
781
783
784
785
786
787
788
789
790
791
792
793
794
795
796
797
798
799
800
801
802
803
804
805
806
807
808
809
810
811
812
813
814
815
816
817
818
819
820
821
822
823
824
825
826
827
828
829
830
831
832
833
834
835
836
837
839
840
841
843
844
846
847
848
849
850
715,721,1.0000 
715,748,1.0000 
715,749,1.0000 
715,750,1.0000 
715,751,1.0000 
715,752,1.0000 
715,753,1.0000 
715,754,1.0000 
715,755,1.0000 
715,756,1.0000 
715,757,1.0000 
715,758,1.0000 
715,759,1.0000 
715,760,1.0000 
715,761,1.0000 
715,762,1.0000 
715,763,1.0000 
715,764,1.0000 
715,765,1.0000 
715,766,1.0000 
715,767,1.0000 
715,768,1.0000 
715,769,1.0000 
715,770,1.0000 
715,772,1.0000 
715,773,1.0000 
715,774,1.0000 
715,775,1.0000 
715,776,1.0000 
715,777,1.0000 
715,778,1.0000 
715,779,1.0000 
715,780,1.0000 
715,781,1.0000 
715,783,1.0000 
715,784,1.0000 
715,785,1.0000 
715,786,1.0000 
715,787,1.0000 
715,788,1.0000 
715,789,1.0000 
715,790,1.0000 
715,791,1.0000 
715,792,1.0000 
715,793,1.0000 
715,794,1.0000 
715,795,1.0000 
715,796,1.0000 
715,797,1.0000 
715,798,1.0000 
715,799,1.0000 
715,800,1.0000 
715,801,1.0000 
715,802,1.0000 
715,803,1.0000 
715,804,1.0000 
715,805,1.0000 
715,806,1.0000 
715,807,1.0000 
715,808,1.0000 
715,809,1.0000 
715,810,1.0000 
715,811,1.0000 
715,812,1.0000 
715,813,1.0000 
715,814,1.0000 
715,815,1.0000 
715,816,1.0000 
715,817,1.0000 
715,818,1.0000 
715,819,1.0000 
715,820,1.0000 
715,821,1.0000 
715,822,1.0000 
715,823,1.0000 
715,824,1.0000 
715,825,1.0000 
715,826,1.0000 
715,827,1.0000 
715,828,1.0000 
715,829,1.0000 
715,830,1.0000 
715,831,1.0000 
715,832,1.0000 
715,833,1.0000 
715,834,1.0000 
715,835,1.0000 
715,836,1.0000 
715,837,1.0000 
715,839,1.0000 
715,840,1.0000 
715,841,1.0000 
715,843,1.0000 
715,844,1.0000 
715,846,1.0000 
715,847,1.0000 
715,848,1.0000 
715,849,1.0000 
715,850,1.0000 
721,748,1.0000 
721,749,1.0000 
721,750,1.0000 
721,751,1.0000 
721,752,1.0000 
721,753,1.0000 
721,754,1.0000 
721,755,1.0000 
721,756,1.0000 
721,757,1.0000 
721,758,1.0000 
721,759,1.0000 
721,760,1.0000 
721,761,1.0000 
721,762,1.0000 
721,763,1.0000 
721,764,1.0000 
721,765,1.0000 
721,766,1.0000 
721,767,1.0000 
721,768,1.0000 
721,769,1.0000 
721,770,1.0000 
721,772,1.0000 
721,773,1.0000 
721,774,1.0000 
721,775,1.0000 
721,776,1.0000 
721,777,1.0000 
721,778,1.0000 
721,779,1.0000 
721,780,1.0000 
721,781,1.0000 
721,783,1.0000 
721,784,1.0000 
721,785,1.0000 
721,786,1.0000 
721,787,1.0000 
721,788,1.0000 
721,789,1.0000 
721,790,1.0000 
721,791,1.0000 
721,792,1.0000 
721,793,1.0000 
721,794,1.0000 
721,795,1.0000 
721,796,1.0000 
721,797,1.0000 
721,798,1.0000 
721,799,1.0000 
721,800,1.0000 
721,801,1.0000 
721,802,1.0000 
721,803,1.0000 
721,804,1.0000 
721,805,1.0000 
721,806,1.0000 
721,807,1.0000 
721,808,1.0000 
721,809,1.0000 
721,810,1.0000 
721,811,1.0000 
721,812,1.0000 
721,813,1.0000 
721,814,1.0000 
721,815,1.0000 
721,816,1.0000 
721,817,1.0000 
721,818,1.0000 
721,819,1.0000 
721,820,1.0000 
721,821,1.0000 
721,822,1.0000 
721,823,1.0000 
721,824,1.0000 
721,825,1.0000 
721,826,1.0000 
721,827,1.0000 
721,828,1.0000 
721,829,1.0000 
721,830,1.0000 
721,831,1.0000 
721,832,1.0000 
721,833,1.0000 
721,834,1.0000 
721,835,1.0000 
721,836,1.0000 
721,837,1.0000 
721,839,1.0000 
721,840,1.0000 
721,841,1.0000 
721,843,1.0000 
721,844,1.0000 
721,846,1.0000 
721,847,1.0000 
721,848,1.0000 
721,849,1.0000 
721,850,1.0000 
748,749,1.0000 
748,750,1.0000 
748,751,1.0000 
748,752,1.0000 
748,753,1.0000 
748,754,1.0000 
748,755,1.0000 
748,756,1.0000 
748,757,1.0000 
748,758,1.0000 
748,759,1.0000 
748,760,1.0000 
748,761,1.0000 
748,762,1.0000 
748,763,1.0000 
748,764,1.0000 
748,765,1.0000 
748,766,1.0000 
748,767,1.0000 
748,768,1.0000 
748,769,1.0000 
748,770,1.0000 
748,772,1.0000 
748,773,1.0000 
748,774,1.0000 
748,775,1.0000 
748,776,1.0000 
748,777,1.0000 
748,778,1.0000 
748,779,1.0000 
748,780,1.0000 
748,781,1.0000 
748,783,1.0000 
748,784,1.0000 
748,785,1.0000 
748,786,1.0000 
748,787,1.0000 
748,788,1.0000 
748,789,1.0000 
748,790,1.0000 
748,791,1.0000 
748,792,1.0000 
748,793,1.0000 
748,794,1.0000 
748,795,1.0000 
748,796,1.0000 
748,797,1.0000 
748,798,1.0000 
748,799,1.0000 
748,800,1.0000 
748,801,1.0000 
748,802,1.0000 
748,803,1.0000 
748,804,1.0000 
748,805,1.0000 
748,806,1.0000 
748,807,1.0000 
748,808,1.0000 
748,809,1.0000 
748,810,1.0000 
748,811,1.0000 
748,812,1.0000 
748,813,1.0000 
748,814,1.0000 
748,815,1.0000 
748,816,1.0000 
748,817,1.0000 
748,818,1.0000 
748,819,1.0000 
748,820,1.0000 
748,821,1.0000 
748,822,1.0000 
748,823,1.0000 
748,824,1.0000 
748,825,1.0000 
748,826,1.0000 
748,827,1.0000 
748,828,1.0000 
748,829,1.0000 
748,830,1.0000 
748,831,1.0000 
748,832,1.0000 
748,833,1.0000 
748,834,1.0000 
748,835,1.0000 
748,836,1.0000 
748,837,1.0000 
748,839,1.0000 
748,840,1.0000 
748,841,1.0000 
748,843,1.0000 
748,844,1.0000 
748,846,1.0000 
748,847,1.0000 
748,848,1.0000 
748,849,1.0000 
748,850,1.0000 
749,750,1.0000 
749,751,1.0000 
749,752,1.0000 
749,753,1.0000 
749,754,1.0000 
749,755,1.0000 
749,756,1.0000 
749,757,1.0000 
749,758,1.0000 
749,759,1.0000 
749,760,1.0000 
749,761,1.0000 
749,762,1.0000 
749,763,1.0000 
749,764,1.0000 
749,765,1.0000 
749,766,1.0000 
749,767,1.0000 
749,768,1.0000 
749,769,1.0000 
749,770,1.0000 
749,772,1.0000 
749,773,1.0000 
749,774,1.0000 
749,775,1.0000 
749,776,1.0000 
749,777,1.0000 
749,778,1.0000 
749,779,1.0000 
749,780,1.0000 
749,781,1.0000 
749,783,1.0000 
749,784,1.0000 
749,785,1.0000 
749,786,1.0000 
749,787,1.0000 
749,788,1.0000 
749,789,1.0000 
749,790,1.0000 
749,791,1.0000 
749,792,1.0000 
749,793,1.0000 
749,794,1.0000 
749,795,1.0000 
749,796,1.0000 
749,797,1.0000 
749,798,1.0000 
749,799,1.0000 
749,800,1.0000 
749,801,1.0000 
749,802,1.0000 
749,803,1.0000 
749,804,1.0000 
749,805,1.0000 
749,806,1.0000 
749,807,1.0000 
749,808,1.0000 
749,809,1.0000 
749,810,1.0000 
749,811,1.0000 
749,812,1.0000 
749,813,1.0000 
749,814,1.0000 
749,815,1.0000 
749,816,1.0000 
749,817,1.0000 
749,818,1.0000 
749,819,1.0000 
749,820,1.0000 
749,821,1.0000 
749,822,1.0000 
749,823,1.0000 
749,824,1.0000 
749,825,1.0000 
749,826,1.0000 
749,827,1.0000 
749,828,1.0000 
749,829,1.0000 
749,830,1.0000 
749,831,1.0000 
749,832,1.0000 
749,833,1.0000 
749,834,1.0000 
749,835,1.0000 
749,836,1.0000 
749,837,1.0000 
749,839,1.0000 
749,840,1.0000 
749,841,1.0000 
749,843,1.0000 
749,844,1.0000 
749,846,1.0000 
749,847,1.0000 
749,848,1.0000 
749,849,1.0000 
749,850,1.0000 
750,751,1.0000 
750,752,1.0000 
750,753,1.0000 
750,754,1.0000 
750,755,1.0000 
750,756,1.0000 
750,757,1.0000 
750,758,1.0000 
750,759,1.0000 
750,760,1.0000 
750,761,1.0000 
750,762,1.0000 
750,763,1.0000 
750,764,1.0000 
750,765,1.0000 
750,766,1.0000 
750,767,1.0000 
750,768,1.0000 
750,769,1.0000 
750,770,1.0000 
750,772,1.0000 
750,773,1.0000 
750,774,1.0000 
750,775,1.0000 
750,776,1.0000 
750,777,1.0000 
750,778,1.0000 
750,779,1.0000 
750,780,1.0000 
750,781,1.0000 
750,783,1.0000 
750,784,1.0000 
750,785,1.0000 
750,786,1.0000 
750,787,1.0000 
750,788,1.0000 
750,789,1.0000 
750,790,1.0000 
750,791,1.0000 
750,792,1.0000 
750,793,1.0000 
750,794,1.0000 
750,795,1.0000 
750,796,1.0000 
750,797,1.0000 
750,798,1.0000 
750,799,1.0000 
750,800,1.0000 
750,801,1.0000 
750,802,1.0000 
750,803,1.0000 
750,804,1.0000 
750,805,1.0000 
750,806,1.0000 
750,807,1.0000 
750,808,1.0000 
750,809,1.0000 
750,810,1.0000 
750,811,1.0000 
750,812,1.0000 
750,813,1.0000 
750,814,1.0000 
750,815,1.0000 
750,816,1.0000 
750,817,1.0000 
750,818,1.0000 
750,819,1.0000 
750,820,1.0000 
750,821,1.0000 
750,822,1.0000 
750,823,1.0000 
750,824,1.0000 
750,825,1.0000 
750,826,1.0000 
750,827,1.0000 
750,828,1.0000 
750,829,1.0000 
750,830,1.0000 
750,831,1.0000 
750,832,1.0000 
750,833,1.0000 
750,834,1.0000 
750,835,1.0000 
750,836,1.0000 
750,837,1.0000 
750,839,1.0000 
750,840,1.0000 
750,841,1.0000 
750,843,1.0000 
750,844,1.0000 
750,846,1.0000 
750,847,1.0000 
750,848,1.0000 
750,849,1.0000 
750,850,1.0000 
751,752,1.0000 
751,753,1.0000 
751,754,1.0000 
751,755,1.0000 
751,756,1.0000 
751,757,1.0000 
751,758,1.0000 
751,759,1.0000 
751,760,1.0000 
751,761,1.0000 
751,762,1.0000 
751,763,1.0000 
751,764,1.0000 
751,765,1.0000 
751,766,1.0000 
751,767,1.0000 
751,768,1.0000 
751,769,1.0000 
751,770,1.0000 
751,772,1.0000 
751,773,1.0000 
751,774,1.0000 
751,775,1.0000 
751,776,1.0000 
751,777,1.0000 
751,778,1.0000 
751,779,1.0000 
751,780,1.0000 
751,781,1.0000 
751,783,1.0000 
751,784,1.0000 
751,785,1.0000 
751,786,1.0000 
751,787,1.0000 
751,788,1.0000 
751,789,1.0000 
751,790,1.0000 
751,791,1.0000 
751,792,1.0000 
751,793,1.0000 
751,794,1.0000 
751,795,1.0000 
751,796,1.0000 
751,797,1.0000 
751,798,1.0000 
751,799,1.0000 
751,800,1.0000 
751,801,1.0000 
751,802,1.0000 
751,803,1.0000 
751,804,1.0000 
751,805,1.0000 
751,806,1.0000 
751,807,1.0000 
751,808,1.0000 
751,809,1.0000 
751,810,1.0000 
751,811,1.0000 
751,812,1.0000 
751,813,1.0000 
751,814,1.0000 
751,815,1.0000 
751,816,1.0000 
751,817,1.0000 
751,818,1.0000 
751,819,1.0000 
751,820,1.0000 
751,821,1.0000 
751,822,1.0000 
751,823,1.0000 
751,824,1.0000 
751,825,1.0000 
751,826,1.0000 
751,827,1.0000 
751,828,1.0000 
751,829,1.0000 
751,830,1.0000 
751,831,1.0000 
751,832,1.0000 
751,833,1.0000 
751,834,1.0000 
751,835,1.0000 
751,836,1.0000 
751,837,1.0000 
751,839,1.0000 
751,840,1.0000 
751,841,1.0000 
751,843,1.0000 
751,844,1.0000 
751,846,1.0000 
751,847,1.0000 
751,848,1.0000 
751,849,1.0000 
751,850,1.0000 
752,753,1.0000 
752,754,1.0000 
752,755,1.0000 
752,756,1.0000 
752,757,1.0000 
752,758,1.0000 
752,759,1.0000 
752,760,1.0000 
752,761,1.0000 
752,762,1.0000 
752,763,1.0000 
752,764,1.0000 
752,765,1.0000 
752,766,1.0000 
752,767,1.0000 
752,768,1.0000 
752,769,1.0000 
752,770,1.0000 
752,772,1.0000 
752,773,1.0000 
752,774,1.0000 
752,775,1.0000 
752,776,1.0000 
752,777,1.0000 
752,778,1.0000 
752,779,1.0000 
752,780,1.0000 
752,781,1.0000 
752,783,1.0000 
752,784,1.0000 
752,785,1.0000 
752,786,1.0000 
752,787,1.0000 
752,788,1.0000 
752,789,1.0000 
752,790,1.0000 
752,791,1.0000 
752,792,1.0000 
752,793,1.0000 
752,794,1.0000 
752,795,1.0000 
752,796,1.0000 
752,797,1.0000 
752,798,1.0000 
752,799,1.0000 
752,800,1.0000 
752,801,1.0000 
752,802,1.0000 
752,803,1.0000 
752,804,1.0000 
752,805,1.0000 
752,806,1.0000 
752,807,1.0000 
752,808,1.0000 
752,809,1.0000 
752,810,1.0000 
752,811,1.0000 
752,812,1.0000 
752,813,1.0000 
752,814,1.0000 
752,815,1.0000 
752,816,1.0000 
752,817,1.0000 
752,818,1.0000 
752,819,1.0000 
752,820,1.0000 
752,821,1.0000 
752,822,1.0000 
752,823,1.0000 
752,824,1.0000 
752,825,1.0000 
752,826,1.0000 
752,827,1.0000 
752,828,1.0000 
752,829,1.0000 
752,830,1.0000 
752,831,1.0000 
752,832,1.0000 
752,833,1.0000 
752,834,1.0000 
752,835,1.0000 
752,836,1.0000 
752,837,1.0000 
752,839,1.0000 
752,840,1.0000 
752,841,1.0000 
752,843,1.0000 
752,844,1.0000 
752,846,1.0000 
752,847,1.0000 
752,848,1.0000 
752,849,1.0000 
752,850,1.0000 
753,754,1.0000 
753,755,1.0000 
753,756,1.0000 
753,757,1.0000 
753,758,1.0000 
753,759,1.0000 
753,760,1.0000 
753,761,1.0000 
753,762,1.0000 
753,763,1.0000 
753,764,1.0000 
753,765,1.0000 
753,766,1.0000 
753,768,1.0000 
753,769,1.0000 
753,770,1.0000 
753,772,1.0000 
753,773,1.0000 
753,774,1.0000 
753,775,1.0000 
753,776,1.0000 
753,777,1.0000 
753,778,1.0000 
753,779,1.0000 
753,780,1.0000 
753,781,1.0000 
753,783,1.0000 
753,784,1.0000 
753,785,1.0000 
753,786,1.0000 
753,787,1.0000 
753,788,1.0000 
753,789,1.0000 
753,790,1.0000 
753,791,1.0000 
753,792,1.0000 
753,793,1.0000 
753,794,1.0000 
753,795,1.0000 
753,796,1.0000 
753,797,1.0000 
753,798,1.0000 
753,799,1.0000 
753,800,1.0000 
753,801,1.0000 
753,802,1.0000 
753,803,1.0000 
753,804,1.0000 
753,805,1.0000 
753,806,1.0000 
753,807,1.0000 
753,808,1.0000 
753,809,1.0000 
753,810,1.0000 
753,811,1.0000 
753,812,1.0000 
753,813,1.0000 
753,814,1.0000 
753,815,1.0000 
753,816,1.0000 
753,817,1.0000 
753,818,1.0000 
753,819,1.0000 
753,820,1.0000 
753,821,1.0000 
753,822,1.0000 
753,823,1.0000 
753,824,1.0000 
753,825,1.0000 
753,826,1.0000 
753,827,1.0000 
753,828,1.0000 
753,829,1.0000 
753,830,1.0000 
753,831,1.0000 
753,832,1.0000 
753,833,1.0000 
753,834,1.0000 
753,835,1.0000 
753,836,1.0000 
753,839,1.0000 
753,840,1.0000 
753,841,1.0000 
753,843,1.0000 
753,844,1.0000 
753,846,1.0000 
753,847,1.0000 
753,848,1.0000 
753,849,1.0000 
753,850,1.0000 
754,755,1.0000 
754,756,1.0000 
754,757,1.0000 
754,758,1.0000 
754,759,1.0000 
754,760,1.0000 
754,761,1.0000 
754,762,1.0000 
754,763,1.0000 
754,764,1.0000 
754,765,1.0000 
754,766,1.0000 
754,767,1.0000 
754,768,1.0000 
754,769,1.0000 
754,770,1.0000 
754,772,1.0000 
754,773,1.0000 
754,774,1.0000 
754,775,1.0000 
754,776,1.0000 
754,777,1.0000 
754,778,1.0000 
754,779,1.0000 
754,780,1.0000 
754,781,1.0000 
754,783,1.0000 
754,784,1.0000 
754,785,1.0000 
754,786,1.0000 
754,787,1.0000 
754,788,1.0000 
754,789,1.0000 
754,790,1.0000 
754,791,1.0000 
754,792,1.0000 
754,793,1.0000 
754,794,1.0000 
754,795,1.0000 
754,796,1.0000 
754,797,1.0000 
754,798,1.0000 
754,799,1.0000 
754,800,1.0000 
754,801,1.0000 
754,802,1.0000 
754,803,1.0000 
754,804,1.0000 
754,805,1.0000 
754,806,1.0000 
754,807,1.0000 
754,808,1.0000 
754,809,1.0000 
754,810,1.0000 
754,811,1.0000 
754,812,1.0000 
754,813,1.0000 
754,814,1.0000 
754,815,1.0000 
754,816,1.0000 
754,817,1.0000 
754,818,1.0000 
754,819,1.0000 
754,820,1.0000 
754,821,1.0000 
754,822,1.0000 
754,823,1.0000 
754,824,1.0000 
754,825,1.0000 
754,826,1.0000 
754,827,1.0000 
754,828,1.0000 
754,829,1.0000 
754,830,1.0000 
754,831,1.0000 
754,832,1.0000 
754,833,1.0000 
754,834,1.0000 
754,835,1.0000 
754,836,1.0000 
754,837,1.0000 
754,839,1.0000 
754,840,1.0000 
754,841,1.0000 
754,843,1.0000 
754,844,1.0000 
754,846,1.0000 
754,847,1.0000 
754,848,1.0000 
754,849,1.0000 
754,850,1.0000 
755,756,1.0000 
755,757,1.0000 
755,758,1.0000 
755,759,1.0000 
755,760,1.0000 
755,761,1.0000 
755,762,1.0000 
755,763,1.0000 
755,764,1.0000 
755,765,1.0000 
755,766,1.0000 
755,767,1.0000 
755,768,1.0000 
755,769,1.0000 
755,770,1.0000 
755,772,1.0000 
755,773,1.0000 
755,774,1.0000 
755,775,1.0000 
755,776,1.0000 
755,777,1.0000 
755,778,1.0000 
755,779,1.0000 
755,780,1.0000 
755,781,1.0000 
755,783,1.0000 
755,784,1.0000 
755,785,1.0000 
755,786,1.0000 
755,787,1.0000 
755,788,1.0000 
755,789,1.0000 
755,790,1.0000 
755,791,1.0000 
755,792,1.0000 
755,793,1.0000 
755,794,1.0000 
755,795,1.0000 
755,796,1.0000 
755,797,1.0000 
755,798,1.0000 
755,799,1.0000 
755,800,1.0000 
755,801,1.0000 
755,802,1.0000 
755,803,1.0000 
755,804,1.0000 
755,805,1.0000 
755,806,1.0000 
755,807,1.0000 
755,808,1.0000 
755,809,1.0000 
755,810,1.0000 
755,811,1.0000 
755,812,1.0000 
755,813,1.0000 
755,814,1.0000 
755,815,1.0000 
755,816,1.0000 
755,817,1.0000 
755,818,1.0000 
755,819,1.0000 
755,820,1.0000 
755,821,1.0000 
755,822,1.0000 
755,823,1.0000 
755,824,1.0000 
755,825,1.0000 
755,826,1.0000 
755,827,1.0000 
755,828,1.0000 
755,829,1.0000 
755,830,1.0000 
755,831,1.0000 
755,832,1.0000 
755,833,1.0000 
755,834,1.0000 
755,835,1.0000 
755,836,1.0000 
755,837,1.0000 
755,839,1.0000 
755,840,1.0000 
755,841,1.0000 
755,843,1.0000 
755,844,1.0000 
755,846,1.0000 
755,847,1.0000 
755,848,1.0000 
755,849,1.0000 
755,850,1.0000 
756,757,1.0000 
756,758,1.0000 
756,759,1.0000 
756,760,1.0000 
756,761,1.0000 
756,762,1.0000 
756,763,1.0000 
756,764,1.0000 
756,765,1.0000 
756,766,1.0000 
756,767,1.0000 
756,768,1.0000 
756,769,1.0000 
756,770,1.0000 
756,772,1.0000 
756,773,1.0000 
756,774,1.0000 
756,775,1.0000 
756,776,1.0000 
756,777,1.0000 
756,778,1.0000 
756,779,1.0000 
756,780,1.0000 
756,781,1.0000 
756,783,1.0000 
756,784,1.0000 
756,785,1.0000 
756,786,1.0000 
756,787,1.0000 
756,788,1.0000 
756,789,1.0000 
756,790,1.0000 
756,791,1.0000 
756,792,1.0000 
756,793,1.0000 
756,794,1.0000 
756,795,1.0000 
756,796,1.0000 
756,797,1.0000 
756,798,1.0000 
756,799,1.0000 
756,800,1.0000 
756,801,1.0000 
756,802,1.0000 
756,803,1.0000 
756,804,1.0000 
756,805,1.0000 
756,806,1.0000 
756,807,1.0000 
756,808,1.0000 
756,809,1.0000 
756,810,1.0000 
756,811,1.0000 
756,812,1.0000 
756,813,1.0000 
756,814,1.0000 
756,815,1.0000 
756,816,1.0000 
756,817,1.0000 
756,818,1.0000 
756,819,1.0000 
756,820,1.0000 
756,821,1.0000 
756,822,1.0000 
756,823,1.0000 
756,824,1.0000 
756,825,1.0000 
756,826,1.0000 
756,827,1.0000 
756,828,1.0000 
756,829,1.0000 
756,830,1.0000 
756,831,1.0000 
756,832,1.0000 
756,833,1.0000 
756,834,1.0000 
756,835,1.0000 
756,836,1.0000 
756,837,1.0000 
756,839,1.0000 
756,840,1.0000 
756,841,1.0000 
756,843,1.0000 
756,844,1.0000 
756,846,1.0000 
756,847,1.0000 
756,848,1.0000 
756,849,1.0000 
756,850,1.0000 
757,758,1.0000 
757,759,1.0000 
757,760,1.0000 
757,761,1.0000 
757,762,1.0000 
757,763,1.0000 
757,764,1.0000 
757,765,1.0000 
757,766,1.0000 
757,767,1.0000 
757,768,1.0000 
757,769,1.0000 
757,770,1.0000 
757,772,1.0000 
757,773,1.0000 
757,774,1.0000 
757,775,1.0000 
757,776,1.0000 
757,777,1.0000 
757,778,1.0000 
757,779,1.0000 
757,780,1.0000 
757,781,1.0000 
757,783,1.0000 
757,784,1.0000 
757,785,1.0000 
757,786,1.0000 
757,787,1.0000 
757,788,1.0000 
757,789,1.0000 
757,790,1.0000 
757,791,1.0000 
757,792,1.0000 
757,793,1.0000 
757,794,1.0000 
757,795,1.0000 
757,796,1.0000 
757,797,1.0000 
757,798,1.0000 
757,799,1.0000 
757,800,1.0000 
757,801,1.0000 
757,802,1.0000 
757,803,1.0000 
757,804,1.0000 
757,805,1.0000 
757,806,1.0000 
757,807,1.0000 
757,808,1.0000 
757,809,1.0000 
757,810,1.0000 
757,811,1.0000 
757,812,1.0000 
757,813,1.0000 
757,814,1.0000 
757,815,1.0000 
757,816,1.0000 
757,817,1.0000 
757,818,1.0000 
757,819,1.0000 
757,820,1.0000 
757,821,1.0000 
757,822,1.0000 
757,823,1.0000 
757,824,1.0000 
757,825,1.0000 
757,826,1.0000 
757,827,1.0000 
757,828,1.0000 
757,829,1.0000 
757,830,1.0000 
757,831,1.0000 
757,832,1.0000 
757,833,1.0000 
757,834,1.0000 
757,835,1.0000 
757,836,1.0000 
757,837,1.0000 
757,839,1.0000 
757,840,1.0000 
757,841,1.0000 
757,843,1.0000 
757,844,1.0000 
757,846,1.0000 
757,847,1.0000 
757,848,1.0000 
757,849,1.0000 
757,850,1.0000 
758,759,1.0000 
758,760,1.0000 
758,761,1.0000 
758,762,1.0000 
758,763,1.0000 
758,764,1.0000 
758,765,1.0000 
758,766,1.0000 
758,767,1.0000 
758,768,1.0000 
758,769,1.0000 
758,770,1.0000 
758,772,1.0000 
758,773,1.0000 
758,774,1.0000 
758,775,1.0000 
758,776,1.0000 
758,777,1.0000 
758,778,1.0000 
758,779,1.0000 
758,780,1.0000 
758,781,1.0000 
758,783,1.0000 
758,784,1.0000 
758,785,1.0000 
758,786,1.0000 
758,787,1.0000 
758,788,1.0000 
758,789,1.0000 
758,790,1.0000 
758,791,1.0000 
758,792,1.0000 
758,793,1.0000 
758,794,1.0000 
758,795,1.0000 
758,796,1.0000 
758,797,1.0000 
758,798,1.0000 
758,799,1.0000 
758,800,1.0000 
758,801,1.0000 
758,802,1.0000 
758,803,1.0000 
758,804,1.0000 
758,805,1.0000 
758,806,1.0000 
758,807,1.0000 
758,808,1.0000 
758,809,1.0000 
758,810,1.0000 
758,811,1.0000 
758,812,1.0000 
758,813,1.0000 
758,814,1.0000 
758,815,1.0000 
758,816,1.0000 
758,817,1.0000 
758,818,1.0000 
758,819,1.0000 
758,820,1.0000 
758,821,1.0000 
758,822,1.0000 
758,823,1.0000 
758,824,1.0000 
758,825,1.0000 
758,826,1.0000 
758,827,1.0000 
758,828,1.0000 
758,829,1.0000 
758,830,1.0000 
758,831,1.0000 
758,832,1.0000 
758,833,1.0000 
758,834,1.0000 
758,835,1.0000 
758,836,1.0000 
758,837,1.0000 
758,839,1.0000 
758,840,1.0000 
758,841,1.0000 
758,843,1.0000 
758,844,1.0000 
758,846,1.0000 
758,847,1.0000 
758,848,1.0000 
758,849,1.0000 
758,850,1.0000 
759,760,1.0000 
759,761,1.0000 
759,762,1.0000 
759,763,1.0000 
759,764,1.0000 
759,765,1.0000 
759,766,1.0000 
759,767,1.0000 
759,768,1.0000 
759,769,1.0000 
759,770,1.0000 
759,772,1.0000 
759,773,1.0000 
759,774,1.0000 
759,775,1.0000 
759,776,1.0000 
759,777,1.0000 
759,778,1.0000 
759,779,1.0000 
759,780,1.0000 
759,781,1.0000 
759,783,1.0000 
759,784,1.0000 
759,785,1.0000 
759,786,1.0000 
759,787,1.0000 
759,788,1.0000 
759,790,1.0000 
759,791,1.0000 
759,792,1.0000 
759,793,1.0000 
759,794,1.0000 
759,795,1.0000 
759,796,1.0000 
759,797,1.0000 
759,798,1.0000 
759,799,1.0000 
759,800,1.0000 
759,801,1.0000 
759,802,1.0000 
759,803,1.0000 
759,804,1.0000 
759,805,1.0000 
759,806,1.0000 
759,807,1.0000 
759,808,1.0000 
759,809,1.0000 
759,810,1.0000 
759,811,1.0000 
759,812,1.0000 
759,813,1.0000 
759,814,1.0000 
759,815,1.0000 
759,816,1.0000 
759,817,1.0000 
759,818,1.0000 
759,819,1.0000 
759,820,1.0000 
759,821,1.0000 
759,822,1.0000 
759,823,1.0000 
759,824,1.0000 
759,825,1.0000 
759,826,1.0000 
759,827,1.0000 
759,828,1.0000 
759,829,1.0000 
759,830,1.0000 
759,831,1.0000 
759,832,1.0000 
759,833,1.0000 
759,834,1.0000 
759,835,1.0000 
759,836,1.0000 
759,837,1.0000 
759,839,1.0000 
759,840,1.0000 
759,841,1.0000 
759,843,1.0000 
759,844,1.0000 
759,846,1.0000 
759,847,1.0000 
759,848,1.0000 
759,849,1.0000 
759,850,1.0000 
760,761,1.0000 
760,762,1.0000 
760,763,1.0000 
760,764,1.0000 
760,765,1.0000 
760,766,1.0000 
760,767,1.0000 
760,768,1.0000 
760,769,1.0000 
760,770,1.0000 
760,772,1.0000 
760,773,1.0000 
760,774,1.0000 
760,775,1.0000 
760,776,1.0000 
760,777,1.0000 
760,778,1.0000 
760,779,1.0000 
760,780,1.0000 
760,781,1.0000 
760,783,1.0000 
760,784,1.0000 
760,785,1.0000 
760,786,1.0000 
760,787,1.0000 
760,788,1.0000 
760,789,1.0000 
760,790,1.0000 
760,791,1.0000 
760,792,1.0000 
760,793,1.0000 
760,794,1.0000 
760,795,1.0000 
760,796,1.0000 
760,797,1.0000 
760,798,1.0000 
760,799,1.0000 
760,800,1.0000 
760,801,1.0000 
760,802,1.0000 
760,803,1.0000 
760,804,1.0000 
760,805,1.0000 
760,806,1.0000 
760,807,1.0000 
760,808,1.0000 
760,809,1.0000 
760,810,1.0000 
760,811,1.0000 
760,812,1.0000 
760,813,1.0000 
760,814,1.0000 
760,815,1.0000 
760,816,1.0000 
760,817,1.0000 
760,818,1.0000 
760,819,1.0000 
760,820,1.0000 
760,821,1.0000 
760,822,1.0000 
760,823,1.0000 
760,824,1.0000 
760,825,1.0000 
760,826,1.0000 
760,827,1.0000 
760,828,1.0000 
760,829,1.0000 
760,830,1.0000 
760,831,1.0000 
760,832,1.0000 
760,833,1.0000 
760,834,1.0000 
760,835,1.0000 
760,836,1.0000 
760,837,1.0000 
760,839,1.0000 
760,840,1.0000 
760,841,1.0000 
760,843,1.0000 
760,844,1.0000 
760,846,1.0000 
760,847,1.0000 
760,848,1.0000 
760,849,1.0000 
760,850,1.0000 
761,762,1.0000 
761,763,1.0000 
761,764,1.0000 
761,765,1.0000 
761,766,1.0000 
761,767,1.0000 
761,768,1.0000 
761,769,1.0000 
761,770,1.0000 
761,772,1.0000 
761,773,1.0000 
761,774,1.0000 
761,775,1.0000 
761,776,1.0000 
761,777,1.0000 
761,778,1.0000 
761,779,1.0000 
761,780,1.0000 
761,781,1.0000 
761,783,1.0000 
761,784,1.0000 
761,785,1.0000 
761,786,1.0000 
761,787,1.0000 
761,788,1.0000 
761,789,1.0000 
761,790,1.0000 
761,791,1.0000 
761,792,1.0000 
761,793,1.0000 
761,794,1.0000 
761,795,1.0000 
761,796,1.0000 
761,797,1.0000 
761,798,1.0000 
761,799,1.0000 
761,800,1.0000 
761,801,1.0000 
761,802,1.0000 
761,803,1.0000 
761,804,1.0000 
761,805,1.0000 
761,806,1.0000 
761,807,1.0000 
761,808,1.0000 
761,809,1.0000 
761,810,1.0000 
761,811,1.0000 
761,812,1.0000 
761,813,1.0000 
761,814,1.0000 
761,815,1.0000 
761,816,1.0000 
761,817,1.0000 
761,818,1.0000 
761,819,1.0000 
761,820,1.0000 
761,821,1.0000 
761,822,1.0000 
761,823,1.0000 
761,824,1.0000 
761,825,1.0000 
761,826,1.0000 
761,827,1.0000 
761,828,1.0000 
761,829,1.0000 
761,830,1.0000 
761,831,1.0000 
761,832,1.0000 
761,833,1.0000 
761,834,1.0000 
761,835,1.0000 
761,836,1.0000 
761,837,1.0000 
761,839,1.0000 
761,840,1.0000 
761,841,1.0000 
761,843,1.0000 
761,844,1.0000 
761,846,1.0000 
761,847,1.0000 
761,848,1.0000 
761,849,1.0000 
761,850,1.0000 
762,763,1.0000 
762,764,1.0000 
762,765,1.0000 
762,766,1.0000 
762,767,1.0000 
762,768,1.0000 
762,769,1.0000 
762,770,1.0000 
762,772,1.0000 
762,773,1.0000 
762,774,1.0000 
762,775,1.0000 
762,776,1.0000 
762,777,1.0000 
762,778,1.0000 
762,779,1.0000 
762,780,1.0000 
762,781,1.0000 
762,783,1.0000 
762,784,1.0000 
762,785,1.0000 
762,786,1.0000 
762,787,1.0000 
762,788,1.0000 
762,789,1.0000 
762,790,1.0000 
762,791,1.0000 
762,792,1.0000 
762,793,1.0000 
762,794,1.0000 
762,795,1.0000 
762,796,1.0000 
762,797,1.0000 
762,798,1.0000 
762,799,1.0000 
762,800,1.0000 
762,801,1.0000 
762,802,1.0000 
762,803,1.0000 
762,804,1.0000 
762,805,1.0000 
762,806,1.0000 
762,807,1.0000 
762,808,1.0000 
762,809,1.0000 
762,810,1.0000 
762,811,1.0000 
762,812,1.0000 
762,813,1.0000 
762,814,1.0000 
762,815,1.0000 
762,816,1.0000 
762,817,1.0000 
762,818,1.0000 
762,819,1.0000 
762,820,1.0000 
762,821,1.0000 
762,822,1.0000 
762,823,1.0000 
762,824,1.0000 
762,825,1.0000 
762,826,1.0000 
762,827,1.0000 
762,828,1.0000 
762,829,1.0000 
762,830,1.0000 
762,831,1.0000 
762,832,1.0000 
762,833,1.0000 
762,834,1.0000 
762,835,1.0000 
762,836,1.0000 
762,837,1.0000 
762,839,1.0000 
762,840,1.0000 
762,841,1.0000 
762,843,1.0000 
762,844,1.0000 
762,846,1.0000 
762,847,1.0000 
762,848,1.0000 
762,849,1.0000 
762,850,1.0000 
763,764,1.0000 
763,765,1.0000 
763,766,1.0000 
763,767,1.0000 
763,768,1.0000 
763,769,1.0000 
763,770,1.0000 
763,772,1.0000 
763,773,1.0000 
763,774,1.0000 
763,775,1.0000 
763,776,1.0000 
763,777,1.0000 
763,778,1.0000 
763,779,1.0000 
763,780,1.0000 
763,781,1.0000 
763,783,1.0000 
763,784,1.0000 
763,785,1.0000 
763,786,1.0000 
763,787,1.0000 
763,788,1.0000 
763,789,1.0000 
763,790,1.0000 
763,791,1.0000 
763,792,1.0000 
763,793,1.0000 
763,794,1.0000 
763,795,1.0000 
763,796,1.0000 
763,797,1.0000 
763,798,1.0000 
763,799,1.0000 
763,800,1.0000 
763,801,1.0000 
763,802,1.0000 
763,803,1.0000 
763,804,1.0000 
763,805,1.0000 
763,806,1.0000 
763,807,1.0000 
763,808,1.0000 
763,809,1.0000 
763,810,1.0000 
763,811,1.0000 
763,812,1.0000 
763,813,1.0000 
763,814,1.0000 
763,815,1.0000 
763,816,1.0000 
763,817,1.0000 
763,818,1.0000 
763,819,1.0000 
763,820,1.0000 
763,821,1.0000 
763,822,1.0000 
763,823,1.0000 
763,824,1.0000 
763,825,1.0000 
763,826,1.0000 
763,827,1.0000 
763,828,1.0000 
763,829,1.0000 
763,830,1.0000 
763,831,1.0000 
763,832,1.0000 
763,833,1.0000 
763,834,1.0000 
763,835,1.0000 
763,836,1.0000 
763,837,1.0000 
763,839,1.0000 
763,840,1.0000 
763,841,1.0000 
763,843,1.0000 
763,844,1.0000 
763,846,1.0000 
763,847,1.0000 
763,848,1.0000 
763,849,1.0000 
763,850,1.0000 
764,765,1.0000 
764,766,1.0000 
764,767,1.0000 
764,768,1.0000 
764,769,1.0000 
764,770,1.0000 
764,772,1.0000 
764,773,1.0000 
764,774,1.0000 
764,775,1.0000 
764,776,1.0000 
764,777,1.0000 
764,778,1.0000 
764,779,1.0000 
764,780,1.0000 
764,781,1.0000 
764,783,1.0000 
764,784,1.0000 
764,785,1.0000 
764,786,1.0000 
764,787,1.0000 
764,788,1.0000 
764,789,1.0000 
764,790,1.0000 
764,791,1.0000 
764,792,1.0000 
764,793,1.0000 
764,794,1.0000 
764,795,1.0000 
764,796,1.0000 
764,797,1.0000 
764,798,1.0000 
764,799,1.0000 
764,800,1.0000 
764,801,1.0000 
764,802,1.0000 
764,803,1.0000 
764,804,1.0000 
764,805,1.0000 
764,806,1.0000 
764,807,1.0000 
764,808,1.0000 
764,809,1.0000 
764,810,1.0000 
764,811,1.0000 
764,812,1.0000 
764,813,1.0000 
764,814,1.0000 
764,815,1.0000 
764,816,1.0000 
764,817,1.0000 
764,818,1.0000 
764,819,1.0000 
764,820,1.0000 
764,821,1.0000 
764,822,1.0000 
764,823,1.0000 
764,824,1.0000 
764,825,1.0000 
764,826,1.0000 
764,827,1.0000 
764,828,1.0000 
764,829,1.0000 
764,830,1.0000 
764,831,1.0000 
764,832,1.0000 
764,833,1.0000 
764,834,1.0000 
764,835,1.0000 
764,836,1.0000 
764,837,1.0000 
764,839,1.0000 
764,840,1.0000 
764,841,1.0000 
764,843,1.0000 
764,844,1.0000 
764,846,1.0000 
764,847,1.0000 
764,848,1.0000 
764,849,1.0000 
764,850,1.0000 
765,766,1.0000 
765,767,1.0000 
765,768,1.0000 
765,769,1.0000 
765,770,1.0000 
765,772,1.0000 
765,773,1.0000 
765,774,1.0000 
765,775,1.0000 
765,776,1.0000 
765,777,1.0000 
765,778,1.0000 
765,779,1.0000 
765,780,1.0000 
765,781,1.0000 
765,783,1.0000 
765,784,1.0000 
765,785,1.0000 
765,786,1.0000 
765,787,1.0000 
765,788,1.0000 
765,789,1.0000 
765,790,1.0000 
765,791,1.0000 
765,792,1.0000 
765,793,1.0000 
765,794,1.0000 
765,795,1.0000 
765,796,1.0000 
765,797,1.0000 
765,798,1.0000 
765,799,1.0000 
765,800,1.0000 
765,801,1.0000 
765,802,1.0000 
765,803,1.0000 
765,804,1.0000 
765,805,1.0000 
765,806,1.0000 
765,807,1.0000 
765,808,1.0000 
765,809,1.0000 
765,810,1.0000 
765,811,1.0000 
765,812,1.0000 
765,813,1.0000 
765,814,1.0000 
765,815,1.0000 
765,816,1.0000 
765,817,1.0000 
765,818,1.0000 
765,819,1.0000 
765,820,1.0000 
765,821,1.0000 
765,822,1.0000 
765,823,1.0000 
765,824,1.0000 
765,825,1.0000 
765,826,1.0000 
765,827,1.0000 
765,828,1.0000 
765,829,1.0000 
765,830,1.0000 
765,831,1.0000 
765,832,1.0000 
765,833,1.0000 
765,834,1.0000 
765,835,1.0000 
765,836,1.0000 
765,837,1.0000 
765,839,1.0000 
765,840,1.0000 
765,841,1.0000 
765,843,1.0000 
765,844,1.0000 
765,846,1.0000 
765,847,1.0000 
765,848,1.0000 
765,849,1.0000 
765,850,1.0000 
766,767,1.0000 
766,768,1.0000 
766,769,1.0000 
766,770,1.0000 
766,772,1.0000 
766,773,1.0000 
766,774,1.0000 
766,775,1.0000 
766,776,1.0000 
766,777,1.0000 
766,778,1.0000 
766,779,1.0000 
766,780,1.0000 
766,781,1.0000 
766,783,1.0000 
766,784,1.0000 
766,785,1.0000 
766,786,1.0000 
766,787,1.0000 
766,788,1.0000 
766,789,1.0000 
766,790,1.0000 
766,791,1.0000 
766,792,1.0000 
766,793,1.0000 
766,794,1.0000 
766,795,1.0000 
766,796,1.0000 
766,797,1.0000 
766,798,1.0000 
766,799,1.0000 
766,800,1.0000 
766,801,1.0000 
766,802,1.0000 
766,803,1.0000 
766,804,1.0000 
766,805,1.0000 
766,806,1.0000 
766,807,1.0000 
766,808,1.0000 
766,809,1.0000 
766,810,1.0000 
766,811,1.0000 
766,812,1.0000 
766,813,1.0000 
766,814,1.0000 
766,815,1.0000 
766,816,1.0000 
766,817,1.0000 
766,818,1.0000 
766,819,1.0000 
766,820,1.0000 
766,821,1.0000 
766,822,1.0000 
766,823,1.0000 
766,824,1.0000 
766,825,1.0000 
766,826,1.0000 
766,827,1.0000 
766,828,1.0000 
766,829,1.0000 
766,830,1.0000 
766,831,1.0000 
766,832,1.0000 
766,833,1.0000 
766,834,1.0000 
766,835,1.0000 
766,836,1.0000 
766,837,1.0000 
766,839,1.0000 
766,840,1.0000 
766,841,1.0000 
766,843,1.0000 
766,844,1.0000 
766,846,1.0000 
766,847,1.0000 
766,848,1.0000 
766,849,1.0000 
766,850,1.0000 
767,768,1.0000 
767,769,1.0000 
767,770,1.0000 
767,772,1.0000 
767,773,1.0000 
767,774,1.0000 
767,775,1.0000 
767,776,1.0000 
767,777,1.0000 
767,778,1.0000 
767,779,1.0000 
767,780,1.0000 
767,781,1.0000 
767,783,1.0000 
767,784,1.0000 
767,785,1.0000 
767,786,1.0000 
767,787,1.0000 
767,788,1.0000 
767,789,1.0000 
767,790,1.0000 
767,791,1.0000 
767,792,1.0000 
767,793,1.0000 
767,794,1.0000 
767,795,1.0000 
767,796,1.0000 
767,797,1.0000 
767,798,1.0000 
767,799,1.0000 
767,800,1.0000 
767,801,1.0000 
767,802,1.0000 
767,803,1.0000 
767,804,1.0000 
767,805,1.0000 
767,806,1.0000 
767,807,1.0000 
767,808,1.0000 
767,809,1.0000 
767,810,1.0000 
767,811,1.0000 
767,812,1.0000 
767,813,1.0000 
767,814,1.0000 
767,815,1.0000 
767,816,1.0000 
767,817,1.0000 
767,818,1.0000 
767,819,1.0000 
767,820,1.0000 
767,821,1.0000 
767,822,1.0000 
767,823,1.0000 
767,824,1.0000 
767,825,1.0000 
767,826,1.0000 
767,827,1.0000 
767,828,1.0000 
767,829,1.0000 
767,830,1.0000 
767,831,1.0000 
767,832,1.0000 
767,833,1.0000 
767,834,1.0000 
767,835,1.0000 
767,836,1.0000 
767,839,1.0000 
767,840,1.0000 
767,841,1.0000 
767,843,1.0000 
767,844,1.0000 
767,846,1.0000 
767,847,1.0000 
767,848,1.0000 
767,849,1.0000 
767,850,1.0000 
768,769,1.0000 
768,770,1.0000 
768,772,1.0000 
768,773,1.0000 
768,774,1.0000 
768,775,1.0000 
768,776,1.0000 
768,777,1.0000 
768,778,1.0000 
768,779,1.0000 
768,780,1.0000 
768,781,1.0000 
768,783,1.0000 
768,784,1.0000 
768,785,1.0000 
768,786,1.0000 
768,787,1.0000 
768,788,1.0000 
768,789,1.0000 
768,790,1.0000 
768,791,1.0000 
768,792,1.0000 
768,793,1.0000 
768,794,1.0000 
768,795,1.0000 
768,796,1.0000 
768,797,1.0000 
768,798,1.0000 
768,799,1.0000 
768,800,1.0000 
768,801,1.0000 
768,802,1.0000 
768,803,1.0000 
768,804,1.0000 
768,805,1.0000 
768,806,1.0000 
768,807,1.0000 
768,808,1.0000 
768,809,1.0000 
768,810,1.0000 
768,811,1.0000 
768,812,1.0000 
768,813,1.0000 
768,814,1.0000 
768,815,1.0000 
768,816,1.0000 
768,817,1.0000 
768,818,1.0000 
768,819,1.0000 
768,820,1.0000 
768,821,1.0000 
768,822,1.0000 
768,823,1.0000 
768,824,1.0000 
768,825,1.0000 
768,826,1.0000 
768,827,1.0000 
768,828,1.0000 
768,829,1.0000 
768,830,1.0000 
768,831,1.0000 
768,832,1.0000 
768,833,1.0000 
768,834,1.0000 
768,835,1.0000 
768,836,1.0000 
768,837,1.0000 
768,839,1.0000 
768,840,1.0000 
768,841,1.0000 
768,843,1.0000 
768,844,1.0000 
768,846,1.0000 
768,847,1.0000 
768,848,1.0000 
768,849,1.0000 
768,850,1.0000 
769,770,1.0000 
769,772,1.0000 
769,773,1.0000 
769,774,1.0000 
769,775,1.0000 
769,776,1.0000 
769,777,1.0000 
769,778,1.0000 
769,779,1.0000 
769,780,1.0000 
769,781,1.0000 
769,783,1.0000 
769,784,1.0000 
769,785,1.0000 
769,786,1.0000 
769,787,1.0000 
769,788,1.0000 
769,789,1.0000 
769,790,1.0000 
769,791,1.0000 
769,792,1.0000 
769,793,1.0000 
769,794,1.0000 
769,795,1.0000 
769,796,1.0000 
769,797,1.0000 
769,798,1.0000 
769,799,1.0000 
769,800,1.0000 
769,801,1.0000 
769,802,1.0000 
769,803,1.0000 
769,804,1.0000 
769,805,1.0000 
769,806,1.0000 
769,807,1.0000 
769,808,1.0000 
769,809,1.0000 
769,810,1.0000 
769,811,1.0000 
769,812,1.0000 
769,813,1.0000 
769,814,1.0000 
769,815,1.0000 
769,816,1.0000 
769,817,1.0000 
769,818,1.0000 
769,819,1.0000 
769,821,1.0000 
769,822,1.0000 
769,823,1.0000 
769,824,1.0000 
769,825,1.0000 
769,826,1.0000 
769,827,1.0000 
769,828,1.0000 
769,829,1.0000 
769,830,1.0000 
769,831,1.0000 
769,832,1.0000 
769,833,1.0000 
769,834,1.0000 
769,835,1.0000 
769,836,1.0000 
769,837,1.0000 
769,839,1.0000 
769,840,1.0000 
769,841,1.0000 
769,843,1.0000 
769,844,1.0000 
769,846,1.0000 
769,847,1.0000 
769,848,1.0000 
769,849,1.0000 
769,850,1.0000 
770,772,1.0000 
770,773,1.0000 
770,774,1.0000 
770,775,1.0000 
770,776,1.0000 
770,777,1.0000 
770,778,1.0000 
770,779,1.0000 
770,780,1.0000 
770,781,1.0000 
770,783,1.0000 
770,784,1.0000 
770,785,1.0000 
770,786,1.0000 
770,787,1.0000 
770,788,1.0000 
770,789,1.0000 
770,790,1.0000 
770,791,1.0000 
770,792,1.0000 
770,793,1.0000 
770,794,1.0000 
770,795,1.0000 
770,796,1.0000 
770,797,1.0000 
770,798,1.0000 
770,799,1.0000 
770,800,1.0000 
770,801,1.0000 
770,802,1.0000 
770,803,1.0000 
770,804,1.0000 
770,805,1.0000 
770,806,1.0000 
770,807,1.0000 
770,808,1.0000 
770,809,1.0000 
770,810,1.0000 
770,811,1.0000 
770,812,1.0000 
770,813,1.0000 
770,814,1.0000 
770,815,1.0000 
770,816,1.0000 
770,817,1.0000 
770,818,1.0000 
770,819,1.0000 
770,820,1.0000 
770,821,1.0000 
770,822,1.0000 
770,823,1.0000 
770,824,1.0000 
770,825,1.0000 
770,826,1.0000 
770,827,1.0000 
770,828,1.0000 
770,829,1.0000 
770,830,1.0000 
770,831,1.0000 
770,832,1.0000 
770,833,1.0000 
770,834,1.0000 
770,835,1.0000 
770,836,1.0000 
770,837,1.0000 
770,839,1.0000 
770,840,1.0000 
770,841,1.0000 
770,843,1.0000 
770,844,1.0000 
770,846,1.0000 
770,847,1.0000 
770,848,1.0000 
770,849,1.0000 
770,850,1.0000 
772,773,1.0000 
772,774,1.0000 
772,775,1.0000 
772,776,1.0000 
772,777,1.0000 
772,778,1.0000 
772,779,1.0000 
772,780,1.0000 
772,781,1.0000 
772,783,1.0000 
772,784,1.0000 
772,785,1.0000 
772,786,1.0000 
772,787,1.0000 
772,788,1.0000 
772,789,1.0000 
772,790,1.0000 
772,791,1.0000 
772,792,1.0000 
772,793,1.0000 
772,794,1.0000 
772,795,1.0000 
772,796,1.0000 
772,797,1.0000 
772,798,1.0000 
772,799,1.0000 
772,800,1.0000 
772,801,1.0000 
772,802,1.0000 
772,803,1.0000 
772,804,1.0000 
772,805,1.0000 
772,806,1.0000 
772,807,1.0000 
772,808,1.0000 
772,809,1.0000 
772,810,1.0000 
772,811,1.0000 
772,812,1.0000 
772,813,1.0000 
772,814,1.0000 
772,815,1.0000 
772,816,1.0000 
772,817,1.0000 
772,818,1.0000 
772,819,1.0000 
772,820,1.0000 
772,821,1.0000 
772,822,1.0000 
772,823,1.0000 
772,824,1.0000 
772,825,1.0000 
772,826,1.0000 
772,827,1.0000 
772,828,1.0000 
772,829,1.0000 
772,830,1.0000 
772,831,1.0000 
772,832,1.0000 
772,833,1.0000 
772,834,1.0000 
772,835,1.0000 
772,836,1.0000 
772,837,1.0000 
772,839,1.0000 
772,840,1.0000 
772,841,1.0000 
772,843,1.0000 
772,844,1.0000 
772,846,1.0000 
772,847,1.0000 
772,848,1.0000 
772,849,1.0000 
772,850,1.0000 
773,774,1.0000 
773,775,1.0000 
773,776,1.0000 
773,777,1.0000 
773,778,1.0000 
773,779,1.0000 
773,780,1.0000 
773,781,1.0000 
773,783,1.0000 
773,784,1.0000 
773,785,1.0000 
773,786,1.0000 
773,787,1.0000 
773,788,1.0000 
773,789,1.0000 
773,790,1.0000 
773,791,1.0000 
773,792,1.0000 
773,793,1.0000 
773,794,1.0000 
773,795,1.0000 
773,796,1.0000 
773,797,1.0000 
773,798,1.0000 
773,799,1.0000 
773,800,1.0000 
773,801,1.0000 
773,802,1.0000 
773,803,1.0000 
773,804,1.0000 
773,805,1.0000 
773,806,1.0000 
773,807,1.0000 
773,808,1.0000 
773,809,1.0000 
773,810,1.0000 
773,811,1.0000 
773,812,1.0000 
773,813,1.0000 
773,814,1.0000 
773,815,1.0000 
773,816,1.0000 
773,817,1.0000 
773,818,1.0000 
773,819,1.0000 
773,820,1.0000 
773,821,1.0000 
773,822,1.0000 
773,823,1.0000 
773,824,1.0000 
773,825,1.0000 
773,826,1.0000 
773,827,1.0000 
773,828,1.0000 
773,829,1.0000 
773,830,1.0000 
773,831,1.0000 
773,832,1.0000 
773,833,1.0000 
773,834,1.0000 
773,835,1.0000 
773,836,1.0000 
773,837,1.0000 
773,839,1.0000 
773,840,1.0000 
773,841,1.0000 
773,843,1.0000 
773,844,1.0000 
773,846,1.0000 
773,847,1.0000 
773,848,1.0000 
773,849,1.0000 
773,850,1.0000 
774,775,1.0000 
774,776,1.0000 
774,777,1.0000 
774,778,1.0000 
774,779,1.0000 
774,780,1.0000 
774,781,1.0000 
774,783,1.0000 
774,784,1.0000 
774,785,1.0000 
774,786,1.0000 
774,787,1.0000 
774,788,1.0000 
774,789,1.0000 
774,790,1.0000 
774,791,1.0000 
774,792,1.0000 
774,793,1.0000 
774,794,1.0000 
774,795,1.0000 
774,796,1.0000 
774,797,1.0000 
774,798,1.0000 
774,799,1.0000 
774,800,1.0000 
774,801,1.0000 
774,802,1.0000 
774,803,1.0000 
774,804,1.0000 
774,805,1.0000 
774,806,1.0000 
774,807,1.0000 
774,808,1.0000 
774,809,1.0000 
774,810,1.0000 
774,811,1.0000 
774,812,1.0000 
774,813,1.0000 
774,814,1.0000 
774,815,1.0000 
774,816,1.0000 
774,817,1.0000 
774,818,1.0000 
774,819,1.0000 
774,820,1.0000 
774,821,1.0000 
774,822,1.0000 
774,823,1.0000 
774,824,1.0000 
774,825,1.0000 
774,826,1.0000 
774,827,1.0000 
774,828,1.0000 
774,829,1.0000 
774,830,1.0000 
774,831,1.0000 
774,832,1.0000 
774,833,1.0000 
774,834,1.0000 
774,835,1.0000 
774,836,1.0000 
774,837,1.0000 
774,839,1.0000 
774,840,1.0000 
774,841,1.0000 
774,843,1.0000 
774,844,1.0000 
774,846,1.0000 
774,847,1.0000 
774,848,1.0000 
774,849,1.0000 
774,850,1.0000 
775,776,1.0000 
775,777,1.0000 
775,778,1.0000 
775,779,1.0000 
775,780,1.0000 
775,781,1.0000 
775,783,1.0000 
775,784,1.0000 
775,785,1.0000 
775,786,1.0000 
775,787,1.0000 
775,788,1.0000 
775,789,1.0000 
775,790,1.0000 
775,791,1.0000 
775,792,1.0000 
775,793,1.0000 
775,794,1.0000 
775,795,1.0000 
775,796,1.0000 
775,797,1.0000 
775,798,1.0000 
775,799,1.0000 
775,800,1.0000 
775,801,1.0000 
775,802,1.0000 
775,803,1.0000 
775,804,1.0000 
775,805,1.0000 
775,806,1.0000 
775,807,1.0000 
775,808,1.0000 
775,809,1.0000 
775,810,1.0000 
775,811,1.0000 
775,812,1.0000 
775,813,1.0000 
775,814,1.0000 
775,815,1.0000 
775,816,1.0000 
775,817,1.0000 
775,818,1.0000 
775,819,1.0000 
775,820,1.0000 
775,821,1.0000 
775,822,1.0000 
775,823,1.0000 
775,824,1.0000 
775,825,1.0000 
775,826,1.0000 
775,827,1.0000 
775,828,1.0000 
775,829,1.0000 
775,830,1.0000 
775,831,1.0000 
775,832,1.0000 
775,833,1.0000 
775,834,1.0000 
775,835,1.0000 
775,836,1.0000 
775,837,1.0000 
775,839,1.0000 
775,840,1.0000 
775,841,1.0000 
775,843,1.0000 
775,844,1.0000 
775,846,1.0000 
775,847,1.0000 
775,848,1.0000 
775,849,1.0000 
775,850,1.0000 
776,777,1.0000 
776,778,1.0000 
776,779,1.0000 
776,780,1.0000 
776,781,1.0000 
776,783,1.0000 
776,784,1.0000 
776,785,1.0000 
776,786,1.0000 
776,787,1.0000 
776,788,1.0000 
776,789,1.0000 
776,790,1.0000 
776,791,1.0000 
776,792,1.0000 
776,793,1.0000 
776,794,1.0000 
776,795,1.0000 
776,796,1.0000 
776,797,1.0000 
776,798,1.0000 
776,799,1.0000 
776,800,1.0000 
776,801,1.0000 
776,802,1.0000 
776,803,1.0000 
776,804,1.0000 
776,805,1.0000 
776,806,1.0000 
776,807,1.0000 
776,808,1.0000 
776,809,1.0000 
776,810,1.0000 
776,811,1.0000 
776,812,1.0000 
776,813,1.0000 
776,814,1.0000 
776,815,1.0000 
776,816,1.0000 
776,817,1.0000 
776,818,1.0000 
776,819,1.0000 
776,820,1.0000 
776,821,1.0000 
776,822,1.0000 
776,823,1.0000 
776,824,1.0000 
776,825,1.0000 
776,826,1.0000 
776,827,1.0000 
776,828,1.0000 
776,829,1.0000 
776,830,1.0000 
776,831,1.0000 
776,832,1.0000 
776,833,1.0000 
776,834,1.0000 
776,835,1.0000 
776,836,1.0000 
776,837,1.0000 
776,839,1.0000 
776,840,1.0000 
776,841,1.0000 
776,843,1.0000 
776,844,1.0000 
776,846,1.0000 
776,847,1.0000 
776,848,1.0000 
776,849,1.0000 
776,850,1.0000 
777,778,1.0000 
777,779,1.0000 
777,780,1.0000 
777,781,1.0000 
777,783,1.0000 
777,784,1.0000 
777,785,1.0000 
777,786,1.0000 
777,787,1.0000 
777,788,1.0000 
777,789,1.0000 
777,790,1.0000 
777,791,1.0000 
777,792,1.0000 
777,793,1.0000 
777,794,1.0000 
777,795,1.0000 
777,796,1.0000 
777,797,1.0000 
777,798,1.0000 
777,799,1.0000 
777,801,1.0000 
777,802,1.0000 
777,803,1.0000 
777,804,1.0000 
777,805,1.0000 
777,806,1.0000 
777,807,1.0000 
777,808,1.0000 
777,809,1.0000 
777,810,1.0000 
777,812,1.0000 
777,814,1.0000 
777,815,1.0000 
777,816,1.0000 
777,817,1.0000 
777,818,1.0000 
777,819,1.0000 
777,820,1.0000 
777,821,1.0000 
777,822,1.0000 
777,823,1.0000 
777,824,1.0000 
777,825,1.0000 
777,826,1.0000 
777,827,1.0000 
777,828,1.0000 
777,829,1.0000 
777,830,1.0000 
777,831,1.0000 
777,832,1.0000 
777,833,1.0000 
777,834,1.0000 
777,835,1.0000 
777,836,1.0000 
777,837,1.0000 
777,839,1.0000 
777,840,1.0000 
777,841,1.0000 
777,843,1.0000 
777,844,1.0000 
777,846,1.0000 
777,847,1.0000 
777,848,1.0000 
777,849,1.0000 
777,850,1.0000 
778,779,1.0000 
778,780,1.0000 
778,781,1.0000 
778,783,1.0000 
778,784,1.0000 
778,785,1.0000 
778,786,1.0000 
778,787,1.0000 
778,788,1.0000 
778,789,1.0000 
778,790,1.0000 
778,791,1.0000 
778,792,1.0000 
778,793,1.0000 
778,794,1.0000 
778,795,1.0000 
778,796,1.0000 
778,797,1.0000 
778,798,1.0000 
778,799,1.0000 
778,800,1.0000 
778,801,1.0000 
778,802,1.0000 
778,803,1.0000 
778,804,1.0000 
778,805,1.0000 
778,806,1.0000 
778,807,1.0000 
778,808,1.0000 
778,809,1.0000 
778,810,1.0000 
778,811,1.0000 
778,812,1.0000 
778,813,1.0000 
778,814,1.0000 
778,815,1.0000 
778,816,1.0000 
778,817,1.0000 
778,818,1.0000 
778,819,1.0000 
778,820,1.0000 
778,821,1.0000 
778,822,1.0000 
778,823,1.0000 
778,824,1.0000 
778,825,1.0000 
778,826,1.0000 
778,827,1.0000 
778,828,1.0000 
778,829,1.0000 
778,830,1.0000 
778,831,1.0000 
778,832,1.0000 
778,833,1.0000 
778,834,1.0000 
778,835,1.0000 
778,836,1.0000 
778,837,1.0000 
778,839,1.0000 
778,840,1.0000 
778,841,1.0000 
778,843,1.0000 
778,844,1.0000 
778,846,1.0000 
778,847,1.0000 
778,848,1.0000 
778,849,1.0000 
778,850,1.0000 
779,780,1.0000 
779,781,1.0000 
779,783,1.0000 
779,784,1.0000 
779,785,1.0000 
779,786,1.0000 
779,787,1.0000 
779,788,1.0000 
779,789,1.0000 
779,790,1.0000 
779,791,1.0000 
779,792,1.0000 
779,793,1.0000 
779,794,1.0000 
779,795,1.0000 
779,796,1.0000 
779,797,1.0000 
779,798,1.0000 
779,799,1.0000 
779,800,1.0000 
779,801,1.0000 
779,802,1.0000 
779,803,1.0000 
779,804,1.0000 
779,805,1.0000 
779,806,1.0000 
779,807,1.0000 
779,808,1.0000 
779,809,1.0000 
779,810,1.0000 
779,811,1.0000 
779,812,1.0000 
779,813,1.0000 
779,814,1.0000 
779,815,1.0000 
779,816,1.0000 
779,817,1.0000 
779,818,1.0000 
779,819,1.0000 
779,820,1.0000 
779,821,1.0000 
779,822,1.0000 
779,823,1.0000 
779,824,1.0000 
779,825,1.0000 
779,826,1.0000 
779,827,1.0000 
779,828,1.0000 
779,829,1.0000 
779,830,1.0000 
779,831,1.0000 
779,832,1.0000 
779,833,1.0000 
779,834,1.0000 
779,835,1.0000 
779,836,1.0000 
779,837,1.0000 
779,839,1.0000 
779,840,1.0000 
779,841,1.0000 
779,843,1.0000 
779,844,1.0000 
779,846,1.0000 
779,847,1.0000 
779,848,1.0000 
779,849,1.0000 
779,850,1.0000 
780,781,1.0000 
780,783,1.0000 
780,784,1.0000 
780,785,1.0000 
780,786,1.0000 
780,787,1.0000 
780,788,1.0000 
780,789,1.0000 
780,790,1.0000 
780,791,1.0000 
780,792,1.0000 
780,793,1.0000 
780,794,1.0000 
780,795,1.0000 
780,796,1.0000 
780,797,1.0000 
780,798,1.0000 
780,799,1.0000 
780,800,1.0000 
780,801,1.0000 
780,802,1.0000 
780,803,1.0000 
780,804,1.0000 
780,805,1.0000 
780,806,1.0000 
780,807,1.0000 
780,808,1.0000 
780,809,1.0000 
780,810,1.0000 
780,811,1.0000 
780,812,1.0000 
780,813,1.0000 
780,814,1.0000 
780,815,1.0000 
780,816,1.0000 
780,817,1.0000 
780,818,1.0000 
780,819,1.0000 
780,820,1.0000 
780,821,1.0000 
780,822,1.0000 
780,823,1.0000 
780,824,1.0000 
780,825,1.0000 
780,826,1.0000 
780,827,1.0000 
780,828,1.0000 
780,829,1.0000 
780,830,1.0000 
780,831,1.0000 
780,832,1.0000 
780,833,1.0000 
780,834,1.0000 
780,835,1.0000 
780,836,1.0000 
780,837,1.0000 
780,839,1.0000 
780,840,1.0000 
780,841,1.0000 
780,843,1.0000 
780,844,1.0000 
780,846,1.0000 
780,847,1.0000 
780,848,1.0000 
780,849,1.0000 
780,850,1.0000 
781,783,1.0000 
781,784,1.0000 
781,785,1.0000 
781,786,1.0000 
781,787,1.0000 
781,788,1.0000 
781,789,1.0000 
781,790,1.0000 
781,791,1.0000 
781,792,1.0000 
781,793,1.0000 
781,794,1.0000 
781,795,1.0000 
781,796,1.0000 
781,797,1.0000 
781,798,1.0000 
781,799,1.0000 
781,800,1.0000 
781,801,1.0000 
781,802,1.0000 
781,803,1.0000 
781,804,1.0000 
781,805,1.0000 
781,806,1.0000 
781,807,1.0000 
781,808,1.0000 
781,809,1.0000 
781,810,1.0000 
781,811,1.0000 
781,812,1.0000 
781,813,1.0000 
781,814,1.0000 
781,815,1.0000 
781,816,1.0000 
781,817,1.0000 
781,818,1.0000 
781,819,1.0000 
781,820,1.0000 
781,821,1.0000 
781,822,1.0000 
781,823,1.0000 
781,824,1.0000 
781,825,1.0000 
781,826,1.0000 
781,827,1.0000 
781,828,1.0000 
781,829,1.0000 
781,830,1.0000 
781,831,1.0000 
781,832,1.0000 
781,833,1.0000 
781,834,1.0000 
781,835,1.0000 
781,836,1.0000 
781,837,1.0000 
781,839,1.0000 
781,840,1.0000 
781,841,1.0000 
781,843,1.0000 
781,844,1.0000 
781,846,1.0000 
781,847,1.0000 
781,848,1.0000 
781,849,1.0000 
781,850,1.0000 
783,784,1.0000 
783,785,1.0000 
783,786,1.0000 
783,787,1.0000 
783,788,1.0000 
783,789,1.0000 
783,790,1.0000 
783,791,1.0000 
783,792,1.0000 
783,793,1.0000 
783,794,1.0000 
783,795,1.0000 
783,796,1.0000 
783,797,1.0000 
783,798,1.0000 
783,799,1.0000 
783,800,1.0000 
783,801,1.0000 
783,802,1.0000 
783,803,1.0000 
783,804,1.0000 
783,805,1.0000 
783,806,1.0000 
783,807,1.0000 
783,808,1.0000 
783,809,1.0000 
783,810,1.0000 
783,811,1.0000 
783,812,1.0000 
783,813,1.0000 
783,814,1.0000 
783,815,1.0000 
783,816,1.0000 
783,817,1.0000 
783,818,1.0000 
783,819,1.0000 
783,820,1.0000 
783,821,1.0000 
783,822,1.0000 
783,823,1.0000 
783,824,1.0000 
783,825,1.0000 
783,826,1.0000 
783,827,1.0000 
783,828,1.0000 
783,829,1.0000 
783,830,1.0000 
783,831,1.0000 
783,832,1.0000 
783,833,1.0000 
783,834,1.0000 
783,835,1.0000 
783,836,1.0000 
783,837,1.0000 
783,839,1.0000 
783,840,1.0000 
783,841,1.0000 
783,843,1.0000 
783,844,1.0000 
783,846,1.0000 
783,847,1.0000 
783,848,1.0000 
783,849,1.0000 
783,850,1.0000 
784,785,1.0000 
784,786,1.0000 
784,787,1.0000 
784,788,1.0000 
784,789,1.0000 
784,790,1.0000 
784,791,1.0000 
784,792,1.0000 
784,793,1.0000 
784,794,1.0000 
784,795,1.0000 
784,796,1.0000 
784,797,1.0000 
784,798,1.0000 
784,799,1.0000 
784,800,1.0000 
784,801,1.0000 
784,802,1.0000 
784,803,1.0000 
784,804,1.0000 
784,805,1.0000 
784,806,1.0000 
784,807,1.0000 
784,808,1.0000 
784,809,1.0000 
784,810,1.0000 
784,811,1.0000 
784,812,1.0000 
784,813,1.0000 
784,814,1.0000 
784,815,1.0000 
784,816,1.0000 
784,817,1.0000 
784,818,1.0000 
784,819,1.0000 
784,820,1.0000 
784,821,1.0000 
784,822,1.0000 
784,823,1.0000 
784,824,1.0000 
784,825,1.0000 
784,826,1.0000 
784,827,1.0000 
784,828,1.0000 
784,829,1.0000 
784,830,1.0000 
784,831,1.0000 
784,832,1.0000 
784,833,1.0000 
784,834,1.0000 
784,835,1.0000 
784,836,1.0000 
784,837,1.0000 
784,839,1.0000 
784,840,1.0000 
784,841,1.0000 
784,843,1.0000 
784,844,1.0000 
784,846,1.0000 
784,847,1.0000 
784,848,1.0000 
784,849,1.0000 
784,850,1.0000 
785,786,1.0000 
785,787,1.0000 
785,788,1.0000 
785,789,1.0000 
785,790,1.0000 
785,791,1.0000 
785,792,1.0000 
785,793,1.0000 
785,794,1.0000 
785,795,1.0000 
785,796,1.0000 
785,797,1.0000 
785,798,1.0000 
785,799,1.0000 
785,800,1.0000 
785,801,1.0000 
785,802,1.0000 
785,803,1.0000 
785,804,1.0000 
785,805,1.0000 
785,806,1.0000 
785,807,1.0000 
785,808,1.0000 
785,809,1.0000 
785,810,1.0000 
785,811,1.0000 
785,812,1.0000 
785,813,1.0000 
785,814,1.0000 
785,815,1.0000 
785,816,1.0000 
785,817,1.0000 
785,818,1.0000 
785,819,1.0000 
785,820,1.0000 
785,821,1.0000 
785,822,1.0000 
785,823,1.0000 
785,824,1.0000 
785,825,1.0000 
785,826,1.0000 
785,827,1.0000 
785,828,1.0000 
785,829,1.0000 
785,830,1.0000 
785,831,1.0000 
785,832,1.0000 
785,833,1.0000 
785,834,1.0000 
785,835,1.0000 
785,836,1.0000 
785,837,1.0000 
785,839,1.0000 
785,840,1.0000 
785,841,1.0000 
785,843,1.0000 
785,844,1.0000 
785,846,1.0000 
785,847,1.0000 
785,848,1.0000 
785,849,1.0000 
785,850,1.0000 
786,787,1.0000 
786,788,1.0000 
786,789,1.0000 
786,790,1.0000 
786,791,1.0000 
786,792,1.0000 
786,793,1.0000 
786,794,1.0000 
786,795,1.0000 
786,796,1.0000 
786,797,1.0000 
786,798,1.0000 
786,799,1.0000 
786,800,1.0000 
786,801,1.0000 
786,802,1.0000 
786,803,1.0000 
786,804,1.0000 
786,805,1.0000 
786,806,1.0000 
786,807,1.0000 
786,808,1.0000 
786,809,1.0000 
786,810,1.0000 
786,811,1.0000 
786,812,1.0000 
786,813,1.0000 
786,814,1.0000 
786,815,1.0000 
786,816,1.0000 
786,817,1.0000 
786,818,1.0000 
786,819,1.0000 
786,820,1.0000 
786,821,1.0000 
786,822,1.0000 
786,823,1.0000 
786,824,1.0000 
786,825,1.0000 
786,826,1.0000 
786,827,1.0000 
786,828,1.0000 
786,829,1.0000 
786,830,1.0000 
786,831,1.0000 
786,832,1.0000 
786,833,1.0000 
786,834,1.0000 
786,836,1.0000 
786,837,1.0000 
786,839,1.0000 
786,840,1.0000 
786,841,1.0000 
786,843,1.0000 
786,844,1.0000 
786,846,1.0000 
786,847,1.0000 
786,848,1.0000 
786,849,1.0000 
786,850,1.0000 
787,788,1.0000 
787,789,1.0000 
787,790,1.0000 
787,791,1.0000 
787,792,1.0000 
787,793,1.0000 
787,794,1.0000 
787,795,1.0000 
787,796,1.0000 
787,797,1.0000 
787,798,1.0000 
787,799,1.0000 
787,800,1.0000 
787,801,1.0000 
787,802,1.0000 
787,803,1.0000 
787,804,1.0000 
787,805,1.0000 
787,806,1.0000 
787,807,1.0000 
787,808,1.0000 
787,809,1.0000 
787,810,1.0000 
787,811,1.0000 
787,812,1.0000 
787,813,1.0000 
787,814,1.0000 
787,815,1.0000 
787,816,1.0000 
787,817,1.0000 
787,818,1.0000 
787,819,1.0000 
787,820,1.0000 
787,821,1.0000 
787,822,1.0000 
787,823,1.0000 
787,824,1.0000 
787,825,1.0000 
787,826,1.0000 
787,827,1.0000 
787,828,1.0000 
787,829,1.0000 
787,830,1.0000 
787,831,1.0000 
787,832,1.0000 
787,833,1.0000 
787,834,1.0000 
787,835,1.0000 
787,836,1.0000 
787,837,1.0000 
787,839,1.0000 
787,840,1.0000 
787,841,1.0000 
787,843,1.0000 
787,844,1.0000 
787,846,1.0000 
787,847,1.0000 
787,848,1.0000 
787,849,1.0000 
787,850,1.0000 
788,789,1.0000 
788,790,1.0000 
788,791,1.0000 
788,792,1.0000 
788,793,1.0000 
788,794,1.0000 
788,795,1.0000 
788,796,1.0000 
788,797,1.0000 
788,798,1.0000 
788,799,1.0000 
788,800,1.0000 
788,801,1.0000 
788,802,1.0000 
788,803,1.0000 
788,804,1.0000 
788,805,1.0000 
788,806,1.0000 
788,807,1.0000 
788,808,1.0000 
788,809,1.0000 
788,810,1.0000 
788,811,1.0000 
788,812,1.0000 
788,813,1.0000 
788,814,1.0000 
788,815,1.0000 
788,816,1.0000 
788,817,1.0000 
788,818,1.0000 
788,819,1.0000 
788,820,1.0000 
788,821,1.0000 
788,822,1.0000 
788,823,1.0000 
788,824,1.0000 
788,825,1.0000 
788,826,1.0000 
788,827,1.0000 
788,828,1.0000 
788,829,1.0000 
788,830,1.0000 
788,831,1.0000 
788,832,1.0000 
788,833,1.0000 
788,834,1.0000 
788,835,1.0000 
788,836,1.0000 
788,837,1.0000 
788,839,1.0000 
788,840,1.0000 
788,841,1.0000 
788,843,1.0000 
788,844,1.0000 
788,846,1.0000 
788,847,1.0000 
788,848,1.0000 
788,849,1.0000 
788,850,1.0000 
789,790,1.0000 
789,791,1.0000 
789,792,1.0000 
789,793,1.0000 
789,794,1.0000 
789,795,1.0000 
789,796,1.0000 
789,797,1.0000 
789,798,1.0000 
789,799,1.0000 
789,800,1.0000 
789,801,1.0000 
789,802,1.0000 
789,803,1.0000 
789,804,1.0000 
789,805,1.0000 
789,806,1.0000 
789,807,1.0000 
789,808,1.0000 
789,809,1.0000 
789,810,1.0000 
789,811,1.0000 
789,812,1.0000 
789,813,1.0000 
789,814,1.0000 
789,815,1.0000 
789,816,1.0000 
789,817,1.0000 
789,818,1.0000 
789,819,1.0000 
789,820,1.0000 
789,821,1.0000 
789,822,1.0000 
789,823,1.0000 
789,824,1.0000 
789,825,1.0000 
789,826,1.0000 
789,827,1.0000 
789,828,1.0000 
789,829,1.0000 
789,830,1.0000 
789,831,1.0000 
789,832,1.0000 
789,833,1.0000 
789,834,1.0000 
789,835,1.0000 
789,836,1.0000 
789,837,1.0000 
789,839,1.0000 
789,840,1.0000 
789,841,1.0000 
789,843,1.0000 
789,844,1.0000 
789,846,1.0000 
789,847,1.0000 
789,848,1.0000 
789,849,1.0000 
789,850,1.0000 
790,791,1.0000 
790,792,1.0000 
790,793,1.0000 
790,794,1.0000 
790,795,1.0000 
790,796,1.0000 
790,797,1.0000 
790,798,1.0000 
790,799,1.0000 
790,800,1.0000 
790,801,1.0000 
790,802,1.0000 
790,803,1.0000 
790,804,1.0000 
790,805,1.0000 
790,806,1.0000 
790,807,1.0000 
790,808,1.0000 
790,809,1.0000 
790,810,1.0000 
790,811,1.0000 
790,812,1.0000 
790,813,1.0000 
790,814,1.0000 
790,815,1.0000 
790,816,1.0000 
790,817,1.0000 
790,818,1.0000 
790,819,1.0000 
790,820,1.0000 
790,821,1.0000 
790,822,1.0000 
790,823,1.0000 
790,824,1.0000 
790,825,1.0000 
790,826,1.0000 
790,827,1.0000 
790,828,1.0000 
790,829,1.0000 
790,830,1.0000 
790,831,1.0000 
790,832,1.0000 
790,833,1.0000 
790,834,1.0000 
790,835,1.0000 
790,836,1.0000 
790,837,1.0000 
790,839,1.0000 
790,840,1.0000 
790,841,1.0000 
790,843,1.0000 
790,844,1.0000 
790,846,1.0000 
790,847,1.0000 
790,848,1.0000 
790,849,1.0000 
790,850,1.0000 
791,792,1.0000 
791,793,1.0000 
791,794,1.0000 
791,795,1.0000 
791,796,1.0000 
791,797,1.0000 
791,798,1.0000 
791,799,1.0000 
791,800,1.0000 
791,801,1.0000 
791,802,1.0000 
791,803,1.0000 
791,804,1.0000 
791,805,1.0000 
791,806,1.0000 
791,807,1.0000 
791,808,1.0000 
791,809,1.0000 
791,810,1.0000 
791,811,1.0000 
791,812,1.0000 
791,813,1.0000 
791,814,1.0000 
791,815,1.0000 
791,816,1.0000 
791,817,1.0000 
791,818,1.0000 
791,819,1.0000 
791,820,1.0000 
791,821,1.0000 
791,822,1.0000 
791,823,1.0000 
791,824,1.0000 
791,825,1.0000 
791,826,1.0000 
791,827,1.0000 
791,828,1.0000 
791,829,1.0000 
791,830,1.0000 
791,831,1.0000 
791,832,1.0000 
791,833,1.0000 
791,834,1.0000 
791,835,1.0000 
791,836,1.0000 
791,837,1.0000 
791,839,1.0000 
791,840,1.0000 
791,841,1.0000 
791,843,1.0000 
791,844,1.0000 
791,846,1.0000 
791,847,1.0000 
791,848,1.0000 
791,849,1.0000 
791,850,1.0000 
792,793,1.0000 
792,794,1.0000 
792,795,1.0000 
792,796,1.0000 
792,797,1.0000 
792,798,1.0000 
792,799,1.0000 
792,800,1.0000 
792,801,1.0000 
792,802,1.0000 
792,803,1.0000 
792,804,1.0000 
792,805,1.0000 
792,806,1.0000 
792,807,1.0000 
792,808,1.0000 
792,809,1.0000 
792,810,1.0000 
792,811,1.0000 
792,812,1.0000 
792,813,1.0000 
792,814,1.0000 
792,815,1.0000 
792,816,1.0000 
792,817,1.0000 
792,818,1.0000 
792,819,1.0000 
792,820,1.0000 
792,821,1.0000 
792,822,1.0000 
792,823,1.0000 
792,824,1.0000 
792,825,1.0000 
792,826,1.0000 
792,827,1.0000 
792,828,1.0000 
792,829,1.0000 
792,830,1.0000 
792,831,1.0000 
792,832,1.0000 
792,833,1.0000 
792,834,1.0000 
792,835,1.0000 
792,836,1.0000 
792,837,1.0000 
792,839,1.0000 
792,840,1.0000 
792,841,1.0000 
792,843,1.0000 
792,844,1.0000 
792,846,1.0000 
792,847,1.0000 
792,848,1.0000 
792,849,1.0000 
792,850,1.0000 
793,794,1.0000 
793,795,1.0000 
793,796,1.0000 
793,797,1.0000 
793,798,1.0000 
793,799,1.0000 
793,800,1.0000 
793,801,1.0000 
793,802,1.0000 
793,803,1.0000 
793,804,1.0000 
793,805,1.0000 
793,806,1.0000 
793,807,1.0000 
793,808,1.0000 
793,809,1.0000 
793,810,1.0000 
793,811,1.0000 
793,812,1.0000 
793,813,1.0000 
793,814,1.0000 
793,815,1.0000 
793,816,1.0000 
793,817,1.0000 
793,818,1.0000 
793,819,1.0000 
793,820,1.0000 
793,821,1.0000 
793,822,1.0000 
793,823,1.0000 
793,824,1.0000 
793,825,1.0000 
793,826,1.0000 
793,827,1.0000 
793,828,1.0000 
793,829,1.0000 
793,830,1.0000 
793,831,1.0000 
793,832,1.0000 
793,833,1.0000 
793,834,1.0000 
793,835,1.0000 
793,836,1.0000 
793,837,1.0000 
793,839,1.0000 
793,840,1.0000 
793,841,1.0000 
793,843,1.0000 
793,844,1.0000 
793,846,1.0000 
793,847,1.0000 
793,848,1.0000 
793,849,1.0000 
793,850,1.0000 
794,795,1.0000 
794,796,1.0000 
794,797,1.0000 
794,798,1.0000 
794,799,1.0000 
794,800,1.0000 
794,801,1.0000 
794,802,1.0000 
794,803,1.0000 
794,804,1.0000 
794,805,1.0000 
794,806,1.0000 
794,807,1.0000 
794,808,1.0000 
794,809,1.0000 
794,810,1.0000 
794,811,1.0000 
794,812,1.0000 
794,813,1.0000 
794,814,1.0000 
794,815,1.0000 
794,816,1.0000 
794,817,1.0000 
794,818,1.0000 
794,819,1.0000 
794,820,1.0000 
794,821,1.0000 
794,822,1.0000 
794,823,1.0000 
794,824,1.0000 
794,825,1.0000 
794,826,1.0000 
794,827,1.0000 
794,828,1.0000 
794,829,1.0000 
794,830,1.0000 
794,831,1.0000 
794,832,1.0000 
794,833,1.0000 
794,834,1.0000 
794,835,1.0000 
794,836,1.0000 
794,837,1.0000 
794,839,1.0000 
794,840,1.0000 
794,841,1.0000 
794,843,1.0000 
794,844,1.0000 
794,846,1.0000 
794,847,1.0000 
794,848,1.0000 
794,849,1.0000 
794,850,1.0000 
795,796,1.0000 
795,797,1.0000 
795,798,1.0000 
795,799,1.0000 
795,800,1.0000 
795,801,1.0000 
795,802,1.0000 
795,803,1.0000 
795,804,1.0000 
795,805,1.0000 
795,806,1.0000 
795,807,1.0000 
795,808,1.0000 
795,809,1.0000 
795,810,1.0000 
795,811,1.0000 
795,812,1.0000 
795,813,1.0000 
795,814,1.0000 
795,815,1.0000 
795,816,1.0000 
795,817,1.0000 
795,818,1.0000 
795,819,1.0000 
795,820,1.0000 
795,821,1.0000 
795,822,1.0000 
795,823,1.0000 
795,824,1.0000 
795,825,1.0000 
795,826,1.0000 
795,827,1.0000 
795,828,1.0000 
795,829,1.0000 
795,830,1.0000 
795,831,1.0000 
795,832,1.0000 
795,833,1.0000 
795,834,1.0000 
795,835,1.0000 
795,836,1.0000 
795,837,1.0000 
795,839,1.0000 
795,840,1.0000 
795,841,1.0000 
795,843,1.0000 
795,844,1.0000 
795,846,1.0000 
795,847,1.0000 
795,848,1.0000 
795,849,1.0000 
795,850,1.0000 
796,797,1.0000 
796,798,1.0000 
796,799,1.0000 
796,800,1.0000 
796,801,1.0000 
796,802,1.0000 
796,803,1.0000 
796,804,1.0000 
796,805,1.0000 
796,806,1.0000 
796,807,1.0000 
796,808,1.0000 
796,809,1.0000 
796,810,1.0000 
796,811,1.0000 
796,812,1.0000 
796,813,1.0000 
796,814,1.0000 
796,815,1.0000 
796,816,1.0000 
796,817,1.0000 
796,818,1.0000 
796,819,1.0000 
796,820,1.0000 
796,821,1.0000 
796,822,1.0000 
796,823,1.0000 
796,824,1.0000 
796,825,1.0000 
796,826,1.0000 
796,827,1.0000 
796,828,1.0000 
796,829,1.0000 
796,830,1.0000 
796,831,1.0000 
796,832,1.0000 
796,833,1.0000 
796,834,1.0000 
796,835,1.0000 
796,836,1.0000 
796,837,1.0000 
796,839,1.0000 
796,840,1.0000 
796,841,1.0000 
796,843,1.0000 
796,844,1.0000 
796,846,1.0000 
796,847,1.0000 
796,848,1.0000 
796,849,1.0000 
796,850,1.0000 
797,798,1.0000 
797,799,1.0000 
797,800,1.0000 
797,801,1.0000 
797,802,1.0000 
797,803,1.0000 
797,804,1.0000 
797,805,1.0000 
797,806,1.0000 
797,807,1.0000 
797,808,1.0000 
797,809,1.0000 
797,810,1.0000 
797,811,1.0000 
797,812,1.0000 
797,813,1.0000 
797,814,1.0000 
797,815,1.0000 
797,816,1.0000 
797,817,1.0000 
797,818,1.0000 
797,819,1.0000 
797,820,1.0000 
797,821,1.0000 
797,822,1.0000 
797,823,1.0000 
797,824,1.0000 
797,825,1.0000 
797,826,1.0000 
797,827,1.0000 
797,828,1.0000 
797,829,1.0000 
797,830,1.0000 
797,831,1.0000 
797,832,1.0000 
797,833,1.0000 
797,834,1.0000 
797,835,1.0000 
797,836,1.0000 
797,837,1.0000 
797,839,1.0000 
797,840,1.0000 
797,841,1.0000 
797,843,1.0000 
797,844,1.0000 
797,846,1.0000 
797,847,1.0000 
797,848,1.0000 
797,849,1.0000 
797,850,1.0000 
798,799,1.0000 
798,800,1.0000 
798,801,1.0000 
798,802,1.0000 
798,803,1.0000 
798,804,1.0000 
798,805,1.0000 
798,806,1.0000 
798,807,1.0000 
798,808,1.0000 
798,809,1.0000 
798,810,1.0000 
798,811,1.0000 
798,812,1.0000 
798,813,1.0000 
798,814,1.0000 
798,815,1.0000 
798,816,1.0000 
798,817,1.0000 
798,818,1.0000 
798,819,1.0000 
798,820,1.0000 
798,821,1.0000 
798,822,1.0000 
798,823,1.0000 
798,824,1.0000 
798,825,1.0000 
798,826,1.0000 
798,827,1.0000 
798,828,1.0000 
798,829,1.0000 
798,830,1.0000 
798,831,1.0000 
798,832,1.0000 
798,833,1.0000 
798,834,1.0000 
798,835,1.0000 
798,836,1.0000 
798,837,1.0000 
798,839,1.0000 
798,840,1.0000 
798,841,1.0000 
798,843,1.0000 
798,844,1.0000 
798,846,1.0000 
798,847,1.0000 
798,848,1.0000 
798,849,1.0000 
798,850,1.0000 
799,800,1.0000 
799,801,1.0000 
799,802,1.0000 
799,803,1.0000 
799,804,1.0000 
799,805,1.0000 
799,806,1.0000 
799,807,1.0000 
799,808,1.0000 
799,809,1.0000 
799,810,1.0000 
799,811,1.0000 
799,812,1.0000 
799,813,1.0000 
799,814,1.0000 
799,815,1.0000 
799,816,1.0000 
799,817,1.0000 
799,818,1.0000 
799,819,1.0000 
799,820,1.0000 
799,821,1.0000 
799,822,1.0000 
799,823,1.0000 
799,824,1.0000 
799,825,1.0000 
799,826,1.0000 
799,827,1.0000 
799,828,1.0000 
799,829,1.0000 
799,830,1.0000 
799,831,1.0000 
799,832,1.0000 
799,833,1.0000 
799,834,1.0000 
799,835,1.0000 
799,836,1.0000 
799,837,1.0000 
799,839,1.0000 
799,840,1.0000 
799,841,1.0000 
799,843,1.0000 
799,844,1.0000 
799,846,1.0000 
799,847,1.0000 
799,848,1.0000 
799,849,1.0000 
799,850,1.0000 
800,801,1.0000 
800,802,1.0000 
800,803,1.0000 
800,804,1.0000 
800,805,1.0000 
800,806,1.0000 
800,807,1.0000 
800,808,1.0000 
800,809,1.0000 
800,810,1.0000 
800,812,1.0000 
800,814,1.0000 
800,815,1.0000 
800,816,1.0000 
800,817,1.0000 
800,818,1.0000 
800,819,1.0000 
800,820,1.0000 
800,821,1.0000 
800,822,1.0000 
800,823,1.0000 
800,824,1.0000 
800,825,1.0000 
800,826,1.0000 
800,827,1.0000 
800,828,1.0000 
800,829,1.0000 
800,830,1.0000 
800,831,1.0000 
800,832,1.0000 
800,833,1.0000 
800,834,1.0000 
800,835,1.0000 
800,836,1.0000 
800,837,1.0000 
800,839,1.0000 
800,840,1.0000 
800,841,1.0000 
800,843,1.0000 
800,844,1.0000 
800,846,1.0000 
800,847,1.0000 
800,848,1.0000 
800,849,1.0000 
800,850,1.0000 
801,802,1.0000 
801,803,1.0000 
801,804,1.0000 
801,805,1.0000 
801,806,1.0000 
801,807,1.0000 
801,808,1.0000 
801,809,1.0000 
801,810,1.0000 
801,811,1.0000 
801,812,1.0000 
801,813,1.0000 
801,814,1.0000 
801,815,1.0000 
801,816,1.0000 
801,817,1.0000 
801,818,1.0000 
801,819,1.0000 
801,820,1.0000 
801,821,1.0000 
801,822,1.0000 
801,823,1.0000 
801,824,1.0000 
801,825,1.0000 
801,826,1.0000 
801,827,1.0000 
801,828,1.0000 
801,829,1.0000 
801,830,1.0000 
801,831,1.0000 
801,832,1.0000 
801,833,1.0000 
801,834,1.0000 
801,835,1.0000 
801,836,1.0000 
801,837,1.0000 
801,839,1.0000 
801,840,1.0000 
801,841,1.0000 
801,843,1.0000 
801,844,1.0000 
801,846,1.0000 
801,847,1.0000 
801,848,1.0000 
801,849,1.0000 
801,850,1.0000 
802,803,1.0000 
802,804,1.0000 
802,805,1.0000 
802,806,1.0000 
802,807,1.0000 
802,808,1.0000 
802,809,1.0000 
802,810,1.0000 
802,811,1.0000 
802,812,1.0000 
802,813,1.0000 
802,814,1.0000 
802,815,1.0000 
802,816,1.0000 
802,817,1.0000 
802,818,1.0000 
802,819,1.0000 
802,820,1.0000 
802,821,1.0000 
802,822,1.0000 
802,823,1.0000 
802,824,1.0000 
802,825,1.0000 
802,826,1.0000 
802,827,1.0000 
802,828,1.0000 
802,829,1.0000 
802,830,1.0000 
802,831,1.0000 
802,832,1.0000 
802,833,1.0000 
802,834,1.0000 
802,835,1.0000 
802,836,1.0000 
802,837,1.0000 
802,839,1.0000 
802,840,1.0000 
802,841,1.0000 
802,843,1.0000 
802,844,1.0000 
802,846,1.0000 
802,847,1.0000 
802,848,1.0000 
802,849,1.0000 
802,850,1.0000 
803,804,1.0000 
803,805,1.0000 
803,806,1.0000 
803,807,1.0000 
803,808,1.0000 
803,809,1.0000 
803,810,1.0000 
803,811,1.0000 
803,812,1.0000 
803,813,1.0000 
803,814,1.0000 
803,815,1.0000 
803,816,1.0000 
803,817,1.0000 
803,818,1.0000 
803,819,1.0000 
803,820,1.0000 
803,821,1.0000 
803,822,1.0000 
803,823,1.0000 
803,824,1.0000 
803,825,1.0000 
803,826,1.0000 
803,827,1.0000 
803,828,1.0000 
803,829,1.0000 
803,830,1.0000 
803,831,1.0000 
803,832,1.0000 
803,833,1.0000 
803,834,1.0000 
803,835,1.0000 
803,836,1.0000 
803,837,1.0000 
803,839,1.0000 
803,840,1.0000 
803,841,1.0000 
803,843,1.0000 
803,844,1.0000 
803,846,1.0000 
803,847,1.0000 
803,848,1.0000 
803,849,1.0000 
803,850,1.0000 
804,805,1.0000 
804,806,1.0000 
804,807,1.0000 
804,808,1.0000 
804,809,1.0000 
804,810,1.0000 
804,811,1.0000 
804,812,1.0000 
804,813,1.0000 
804,814,1.0000 
804,815,1.0000 
804,816,1.0000 
804,817,1.0000 
804,818,1.0000 
804,819,1.0000 
804,820,1.0000 
804,821,1.0000 
804,822,1.0000 
804,823,1.0000 
804,824,1.0000 
804,825,1.0000 
804,826,1.0000 
804,827,1.0000 
804,828,1.0000 
804,829,1.0000 
804,830,1.0000 
804,831,1.0000 
804,832,1.0000 
804,833,1.0000 
804,834,1.0000 
804,835,1.0000 
804,836,1.0000 
804,837,1.0000 
804,839,1.0000 
804,840,1.0000 
804,841,1.0000 
804,843,1.0000 
804,844,1.0000 
804,846,1.0000 
804,847,1.0000 
804,848,1.0000 
804,849,1.0000 
804,850,1.0000 
805,806,1.0000 
805,807,1.0000 
805,808,1.0000 
805,809,1.0000 
805,810,1.0000 
805,811,1.0000 
805,812,1.0000 
805,813,1.0000 
805,814,1.0000 
805,815,1.0000 
805,816,1.0000 
805,817,1.0000 
805,818,1.0000 
805,819,1.0000 
805,820,1.0000 
805,821,1.0000 
805,822,1.0000 
805,823,1.0000 
805,824,1.0000 
805,825,1.0000 
805,826,1.0000 
805,827,1.0000 
805,828,1.0000 
805,829,1.0000 
805,830,1.0000 
805,831,1.0000 
805,832,1.0000 
805,833,1.0000 
805,834,1.0000 
805,835,1.0000 
805,836,1.0000 
805,837,1.0000 
805,839,1.0000 
805,840,1.0000 
805,841,1.0000 
805,843,1.0000 
805,844,1.0000 
805,846,1.0000 
805,847,1.0000 
805,848,1.0000 
805,849,1.0000 
805,850,1.0000 
806,807,1.0000 
806,808,1.0000 
806,809,1.0000 
806,810,1.0000 
806,811,1.0000 
806,812,1.0000 
806,813,1.0000 
806,814,1.0000 
806,815,1.0000 
806,816,1.0000 
806,817,1.0000 
806,818,1.0000 
806,819,1.0000 
806,820,1.0000 
806,821,1.0000 
806,822,1.0000 
806,823,1.0000 
806,824,1.0000 
806,825,1.0000 
806,826,1.0000 
806,827,1.0000 
806,828,1.0000 
806,829,1.0000 
806,831,1.0000 
806,832,1.0000 
806,833,1.0000 
806,834,1.0000 
806,835,1.0000 
806,836,1.0000 
806,837,1.0000 
806,839,1.0000 
806,840,1.0000 
806,841,1.0000 
806,843,1.0000 
806,844,1.0000 
806,846,1.0000 
806,847,1.0000 
806,848,1.0000 
806,849,1.0000 
806,850,1.0000 
807,808,1.0000 
807,809,1.0000 
807,810,1.0000 
807,811,1.0000 
807,812,1.0000 
807,813,1.0000 
807,814,1.0000 
807,815,1.0000 
807,816,1.0000 
807,817,1.0000 
807,818,1.0000 
807,819,1.0000 
807,820,1.0000 
807,821,1.0000 
807,822,1.0000 
807,823,1.0000 
807,824,1.0000 
807,825,1.0000 
807,826,1.0000 
807,827,1.0000 
807,828,1.0000 
807,829,1.0000 
807,830,1.0000 
807,831,1.0000 
807,832,1.0000 
807,833,1.0000 
807,834,1.0000 
807,835,1.0000 
807,836,1.0000 
807,837,1.0000 
807,839,1.0000 
807,840,1.0000 
807,841,1.0000 
807,843,1.0000 
807,844,1.0000 
807,846,1.0000 
807,847,1.0000 
807,848,1.0000 
807,849,1.0000 
807,850,1.0000 
808,809,1.0000 
808,810,1.0000 
808,811,1.0000 
808,812,1.0000 
808,813,1.0000 
808,814,1.0000 
808,815,1.0000 
808,816,1.0000 
808,817,1.0000 
808,818,1.0000 
808,819,1.0000 
808,820,1.0000 
808,821,1.0000 
808,822,1.0000 
808,823,1.0000 
808,824,1.0000 
808,825,1.0000 
808,826,1.0000 
808,827,1.0000 
808,828,1.0000 
808,829,1.0000 
808,830,1.0000 
808,831,1.0000 
808,832,1.0000 
808,833,1.0000 
808,834,1.0000 
808,835,1.0000 
808,836,1.0000 
808,837,1.0000 
808,839,1.0000 
808,840,1.0000 
808,841,1.0000 
808,843,1.0000 
808,844,1.0000 
808,846,1.0000 
808,847,1.0000 
808,848,1.0000 
808,849,1.0000 
808,850,1.0000 
809,810,1.0000 
809,811,1.0000 
809,812,1.0000 
809,813,1.0000 
809,814,1.0000 
809,815,1.0000 
809,816,1.0000 
809,817,1.0000 
809,818,1.0000 
809,819,1.0000 
809,820,1.0000 
809,821,1.0000 
809,822,1.0000 
809,823,1.0000 
809,824,1.0000 
809,825,1.0000 
809,826,1.0000 
809,827,1.0000 
809,828,1.0000 
809,829,1.0000 
809,830,1.0000 
809,831,1.0000 
809,832,1.0000 
809,833,1.0000 
809,834,1.0000 
809,835,1.0000 
809,836,1.0000 
809,837,1.0000 
809,839,1.0000 
809,840,1.0000 
809,841,1.0000 
809,843,1.0000 
809,844,1.0000 
809,846,1.0000 
809,847,1.0000 
809,848,1.0000 
809,849,1.0000 
809,850,1.0000 
810,811,1.0000 
810,812,1.0000 
810,813,1.0000 
810,814,1.0000 
810,815,1.0000 
810,816,1.0000 
810,817,1.0000 
810,818,1.0000 
810,819,1.0000 
810,820,1.0000 
810,821,1.0000 
810,822,1.0000 
810,823,1.0000 
810,824,1.0000 
810,825,1.0000 
810,826,1.0000 
810,827,1.0000 
810,828,1.0000 
810,829,1.0000 
810,830,1.0000 
810,831,1.0000 
810,832,1.0000 
810,833,1.0000 
810,834,1.0000 
810,835,1.0000 
810,836,1.0000 
810,837,1.0000 
810,839,1.0000 
810,840,1.0000 
810,841,1.0000 
810,843,1.0000 
810,844,1.0000 
810,846,1.0000 
810,847,1.0000 
810,848,1.0000 
810,849,1.0000 
810,850,1.0000 
811,812,1.0000 
811,814,1.0000 
811,815,1.0000 
811,816,1.0000 
811,817,1.0000 
811,818,1.0000 
811,819,1.0000 
811,820,1.0000 
811,821,1.0000 
811,822,1.0000 
811,823,1.0000 
811,824,1.0000 
811,825,1.0000 
811,826,1.0000 
811,827,1.0000 
811,828,1.0000 
811,829,1.0000 
811,830,1.0000 
811,831,1.0000 
811,832,1.0000 
811,833,1.0000 
811,834,1.0000 
811,835,1.0000 
811,836,1.0000 
811,837,1.0000 
811,839,1.0000 
811,840,1.0000 
811,841,1.0000 
811,843,1.0000 
811,844,1.0000 
811,846,1.0000 
811,847,1.0000 
811,848,1.0000 
811,849,1.0000 
811,850,1.0000 
812,813,1.0000 
812,814,1.0000 
812,815,1.0000 
812,816,1.0000 
812,817,1.0000 
812,818,1.0000 
812,819,1.0000 
812,820,1.0000 
812,821,1.0000 
812,822,1.0000 
812,823,1.0000 
812,824,1.0000 
812,825,1.0000 
812,826,1.0000 
812,827,1.0000 
812,828,1.0000 
812,829,1.0000 
812,830,1.0000 
812,831,1.0000 
812,832,1.0000 
812,833,1.0000 
812,834,1.0000 
812,835,1.0000 
812,836,1.0000 
812,837,1.0000 
812,839,1.0000 
812,840,1.0000 
812,841,1.0000 
812,843,1.0000 
812,844,1.0000 
812,846,1.0000 
812,847,1.0000 
812,848,1.0000 
812,849,1.0000 
812,850,1.0000 
813,814,1.0000 
813,815,1.0000 
813,816,1.0000 
813,817,1.0000 
813,818,1.0000 
813,819,1.0000 
813,820,1.0000 
813,821,1.0000 
813,822,1.0000 
813,823,1.0000 
813,824,1.0000 
813,825,1.0000 
813,826,1.0000 
813,827,1.0000 
813,828,1.0000 
813,829,1.0000 
813,830,1.0000 
813,831,1.0000 
813,832,1.0000 
813,833,1.0000 
813,834,1.0000 
813,835,1.0000 
813,836,1.0000 
813,837,1.0000 
813,839,1.0000 
813,840,1.0000 
813,841,1.0000 
813,843,1.0000 
813,844,1.0000 
813,846,1.0000 
813,847,1.0000 
813,848,1.0000 
813,849,1.0000 
813,850,1.0000 
814,815,1.0000 
814,816,1.0000 
814,817,1.0000 
814,818,1.0000 
814,819,1.0000 
814,820,1.0000 
814,821,1.0000 
814,822,1.0000 
814,823,1.0000 
814,824,1.0000 
814,825,1.0000 
814,826,1.0000 
814,827,1.0000 
814,828,1.0000 
814,829,1.0000 
814,830,1.0000 
814,831,1.0000 
814,832,1.0000 
814,833,1.0000 
814,834,1.0000 
814,835,1.0000 
814,836,1.0000 
814,837,1.0000 
814,839,1.0000 
814,840,1.0000 
814,841,1.0000 
814,843,1.0000 
814,844,1.0000 
814,846,1.0000 
814,847,1.0000 
814,848,1.0000 
814,849,1.0000 
814,850,1.0000 
815,816,1.0000 
815,817,1.0000 
815,818,1.0000 
815,819,1.0000 
815,820,1.0000 
815,821,1.0000 
815,822,1.0000 
815,823,1.0000 
815,824,1.0000 
815,825,1.0000 
815,826,1.0000 
815,827,1.0000 
815,828,1.0000 
815,829,1.0000 
815,830,1.0000 
815,831,1.0000 
815,832,1.0000 
815,833,1.0000 
815,834,1.0000 
815,835,1.0000 
815,836,1.0000 
815,837,1.0000 
815,839,1.0000 
815,840,1.0000 
815,841,1.0000 
815,843,1.0000 
815,844,1.0000 
815,846,1.0000 
815,847,1.0000 
815,848,1.0000 
815,849,1.0000 
815,850,1.0000 
816,817,1.0000 
816,818,1.0000 
816,819,1.0000 
816,820,1.0000 
816,821,1.0000 
816,822,1.0000 
816,823,1.0000 
816,824,1.0000 
816,825,1.0000 
816,826,1.0000 
816,827,1.0000 
816,828,1.0000 
816,829,1.0000 
816,830,1.0000 
816,831,1.0000 
816,832,1.0000 
816,833,1.0000 
816,834,1.0000 
816,835,1.0000 
816,836,1.0000 
816,837,1.0000 
816,839,1.0000 
816,840,1.0000 
816,841,1.0000 
816,843,1.0000 
816,844,1.0000 
816,846,1.0000 
816,847,1.0000 
816,848,1.0000 
816,849,1.0000 
816,850,1.0000 
817,818,1.0000 
817,819,1.0000 
817,820,1.0000 
817,821,1.0000 
817,822,1.0000 
817,823,1.0000 
817,824,1.0000 
817,825,1.0000 
817,826,1.0000 
817,827,1.0000 
817,828,1.0000 
817,829,1.0000 
817,830,1.0000 
817,831,1.0000 
817,832,1.0000 
817,833,1.0000 
817,834,1.0000 
817,835,1.0000 
817,836,1.0000 
817,837,1.0000 
817,839,1.0000 
817,840,1.0000 
817,841,1.0000 
817,843,1.0000 
817,844,1.0000 
817,846,1.0000 
817,847,1.0000 
817,848,1.0000 
817,849,1.0000 
817,850,1.0000 
818,819,1.0000 
818,820,1.0000 
818,821,1.0000 
818,822,1.0000 
818,823,1.0000 
818,824,1.0000 
818,825,1.0000 
818,826,1.0000 
818,827,1.0000 
818,828,1.0000 
818,829,1.0000 
818,830,1.0000 
818,831,1.0000 
818,832,1.0000 
818,833,1.0000 
818,834,1.0000 
818,835,1.0000 
818,836,1.0000 
818,837,1.0000 
818,839,1.0000 
818,840,1.0000 
818,841,1.0000 
818,843,1.0000 
818,844,1.0000 
818,846,1.0000 
818,847,1.0000 
818,848,1.0000 
818,849,1.0000 
818,850,1.0000 
819,820,1.0000 
819,821,1.0000 
819,822,1.0000 
819,823,1.0000 
819,824,1.0000 
819,825,1.0000 
819,826,1.0000 
819,827,1.0000 
819,828,1.0000 
819,829,1.0000 
819,830,1.0000 
819,831,1.0000 
819,832,1.0000 
819,833,1.0000 
819,834,1.0000 
819,835,1.0000 
819,836,1.0000 
819,837,1.0000 
819,839,1.0000 
819,840,1.0000 
819,841,1.0000 
819,843,1.0000 
819,844,1.0000 
819,846,1.0000 
819,847,1.0000 
819,848,1.0000 
819,849,1.0000 
819,850,1.0000 
820,821,1.0000 
820,822,1.0000 
820,823,1.0000 
820,824,1.0000 
820,825,1.0000 
820,826,1.0000 
820,827,1.0000 
820,828,1.0000 
820,829,1.0000 
820,830,1.0000 
820,831,1.0000 
820,832,1.0000 
820,833,1.0000 
820,834,1.0000 
820,835,1.0000 
820,836,1.0000 
820,837,1.0000 
820,839,1.0000 
820,840,1.0000 
820,841,1.0000 
820,843,1.0000 
820,844,1.0000 
820,846,1.0000 
820,847,1.0000 
820,848,1.0000 
820,849,1.0000 
820,850,1.0000 
821,822,1.0000 
821,823,1.0000 
821,824,1.0000 
821,825,1.0000 
821,826,1.0000 
821,827,1.0000 
821,828,1.0000 
821,829,1.0000 
821,830,1.0000 
821,831,1.0000 
821,832,1.0000 
821,833,1.0000 
821,834,1.0000 
821,835,1.0000 
821,836,1.0000 
821,837,1.0000 
821,839,1.0000 
821,840,1.0000 
821,841,1.0000 
821,843,1.0000 
821,844,1.0000 
821,846,1.0000 
821,847,1.0000 
821,848,1.0000 
821,849,1.0000 
821,850,1.0000 
822,823,1.0000 
822,824,1.0000 
822,825,1.0000 
822,826,1.0000 
822,827,1.0000 
822,828,1.0000 
822,829,1.0000 
822,830,1.0000 
822,831,1.0000 
822,832,1.0000 
822,833,1.0000 
822,834,1.0000 
822,835,1.0000 
822,836,1.0000 
822,837,1.0000 
822,839,1.0000 
822,840,1.0000 
822,841,1.0000 
822,843,1.0000 
822,844,1.0000 
822,846,1.0000 
822,847,1.0000 
822,848,1.0000 
822,849,1.0000 
822,850,1.0000 
823,824,1.0000 
823,825,1.0000 
823,826,1.0000 
823,827,1.0000 
823,828,1.0000 
823,829,1.0000 
823,830,1.0000 
823,831,1.0000 
823,832,1.0000 
823,833,1.0000 
823,834,1.0000 
823,835,1.0000 
823,836,1.0000 
823,837,1.0000 
823,839,1.0000 
823,840,1.0000 
823,841,1.0000 
823,843,1.0000 
823,844,1.0000 
823,846,1.0000 
823,847,1.0000 
823,848,1.0000 
823,849,1.0000 
823,850,1.0000 
824,825,1.0000 
824,826,1.0000 
824,827,1.0000 
824,828,1.0000 
824,829,1.0000 
824,830,1.0000 
824,831,1.0000 
824,832,1.0000 
824,833,1.0000 
824,834,1.0000 
824,835,1.0000 
824,836,1.0000 
824,837,1.0000 
824,839,1.0000 
824,840,1.0000 
824,841,1.0000 
824,843,1.0000 
824,844,1.0000 
824,846,1.0000 
824,847,1.0000 
824,848,1.0000 
824,849,1.0000 
824,850,1.0000 
825,826,1.0000 
825,827,1.0000 
825,828,1.0000 
825,829,1.0000 
825,830,1.0000 
825,831,1.0000 
825,832,1.0000 
825,833,1.0000 
825,834,1.0000 
825,835,1.0000 
825,836,1.0000 
825,837,1.0000 
825,839,1.0000 
825,840,1.0000 
825,841,1.0000 
825,843,1.0000 
825,844,1.0000 
825,846,1.0000 
825,847,1.0000 
825,848,1.0000 
825,849,1.0000 
825,850,1.0000 
826,827,1.0000 
826,828,1.0000 
826,829,1.0000 
826,830,1.0000 
826,831,1.0000 
826,832,1.0000 
826,833,1.0000 
826,834,1.0000 
826,835,1.0000 
826,836,1.0000 
826,837,1.0000 
826,839,1.0000 
826,840,1.0000 
826,841,1.0000 
826,843,1.0000 
826,844,1.0000 
826,846,1.0000 
826,847,1.0000 
826,848,1.0000 
826,849,1.0000 
826,850,1.0000 
827,828,1.0000 
827,829,1.0000 
827,830,1.0000 
827,831,1.0000 
827,832,1.0000 
827,833,1.0000 
827,834,1.0000 
827,835,1.0000 
827,836,1.0000 
827,837,1.0000 
827,839,1.0000 
827,840,1.0000 
827,841,1.0000 
827,843,1.0000 
827,844,1.0000 
827,846,1.0000 
827,847,1.0000 
827,848,1.0000 
827,849,1.0000 
827,850,1.0000 
828,829,1.0000 
828,830,1.0000 
828,831,1.0000 
828,833,1.0000 
828,834,1.0000 
828,835,1.0000 
828,836,1.0000 
828,837,1.0000 
828,839,1.0000 
828,840,1.0000 
828,841,1.0000 
828,843,1.0000 
828,844,1.0000 
828,846,1.0000 
828,847,1.0000 
828,848,1.0000 
828,850,1.0000 
829,830,1.0000 
829,831,1.0000 
829,832,1.0000 
829,833,1.0000 
829,834,1.0000 
829,835,1.0000 
829,836,1.0000 
829,837,1.0000 
829,839,1.0000 
829,840,1.0000 
829,841,1.0000 
829,843,1.0000 
829,844,1.0000 
829,846,1.0000 
829,847,1.0000 
829,848,1.0000 
829,849,1.0000 
829,850,1.0000 
830,831,1.0000 
830,832,1.0000 
830,833,1.0000 
830,834,1.0000 
830,835,1.0000 
830,836,1.0000 
830,837,1.0000 
830,839,1.0000 
830,840,1.0000 
830,841,1.0000 
830,843,1.0000 
830,844,1.0000 
830,846,1.0000 
830,847,1.0000 
830,848,1.0000 
830,849,1.0000 
830,850,1.0000 
831,832,1.0000 
831,833,1.0000 
831,834,1.0000 
831,835,1.0000 
831,836,1.0000 
831,837,1.0000 
831,839,1.0000 
831,840,1.0000 
831,841,1.0000 
831,843,1.0000 
831,844,1.0000 
831,846,1.0000 
831,847,1.0000 
831,848,1.0000 
831,849,1.0000 
831,850,1.0000 
832,833,1.0000 
832,834,1.0000 
832,835,1.0000 
832,836,1.0000 
832,837,1.0000 
832,839,1.0000 
832,840,1.0000 
832,841,1.0000 
832,843,1.0000 
832,844,1.0000 
832,846,1.0000 
832,847,1.0000 
832,848,1.0000 
832,850,1.0000 
833,834,1.0000 
833,835,1.0000 
833,836,1.0000 
833,837,1.0000 
833,839,1.0000 
833,840,1.0000 
833,841,1.0000 
833,843,1.0000 
833,844,1.0000 
833,846,1.0000 
833,847,1.0000 
833,848,1.0000 
833,849,1.0000 
833,850,1.0000 
834,835,1.0000 
834,836,1.0000 
834,837,1.0000 
834,839,1.0000 
834,840,1.0000 
834,841,1.0000 
834,843,1.0000 
834,844,1.0000 
834,846,1.0000 
834,847,1.0000 
834,848,1.0000 
834,849,1.0000 
834,850,1.0000 
835,836,1.0000 
835,837,1.0000 
835,839,1.0000 
835,840,1.0000 
835,841,1.0000 
835,843,1.0000 
835,844,1.0000 
835,846,1.0000 
835,847,1.0000 
835,848,1.0000 
835,849,1.0000 
835,850,1.0000 
836,837,1.0000 
836,839,1.0000 
836,840,1.0000 
836,841,1.0000 
836,843,1.0000 
836,844,1.0000 
836,846,1.0000 
836,847,1.0000 
836,848,1.0000 
836,849,1.0000 
836,850,1.0000 
837,839,1.0000 
837,840,1.0000 
837,841,1.0000 
837,843,1.0000 
837,844,1.0000 
837,846,1.0000 
837,847,1.0000 
837,848,1.0000 
837,849,1.0000 
837,850,1.0000 
839,840,1.0000 
839,843,1.0000 
839,844,1.0000 
839,846,1.0000 
839,847,1.0000 
839,848,1.0000 
839,849,1.0000 
839,850,1.0000 
840,841,1.0000 
840,843,1.0000 
840,844,1.0000 
840,846,1.0000 
840,847,1.0000 
840,848,1.0000 
840,849,1.0000 
840,850,1.0000 
841,843,1.0000 
841,844,1.0000 
841,846,1.0000 
841,847,1.0000 
841,848,1.0000 
841,849,1.0000 
841,850,1.0000 
843,844,1.0000 
843,846,1.0000 
843,847,1.0000 
843,848,1.0000 
843,849,1.0000 
843,850,1.0000 
844,846,1.0000 
844,847,1.0000 
844,848,1.0000 
844,849,1.0000 
844,850,1.0000 
846,847,1.0000 
846,848,1.0000 
846,849,1.0000 
846,850,1.0000 
847,848,1.0000 
847,849,1.0000 
847,850,1.0000 
848,849,1.0000 
848,850,1.0000 
849,850,1.0000 
