Layer 1
100
2988
1
2
3
4
5
6
7
8
9
10
11
12
13
14
15
16
17
18
19
20
21
22
23
24
25
26
27
28
29
30
31
32
33
34
35
36
37
38
39
40
41
42
43
44
45
46
47
48
49
50
51
52
53
54
55
56
57
58
59
60
61
62
63
64
65
66
67
68
69
70
71
72
73
74
75
76
77
78
79
80
81
82
83
84
85
86
87
88
89
90
91
92
93
94
95
96
97
98
99
100
1,2,1.0000 
1,3,1.0000 
1,4,1.0000 
1,5,1.0000 
1,6,1.0000 
1,7,1.0000 
1,9,1.0000 
1,10,1.0000 
1,11,1.0000 
1,12,1.0000 
1,13,1.0000 
1,14,1.0000 
1,15,1.0000 
1,18,1.0000 
1,19,1.0000 
1,20,1.0000 
1,21,1.0000 
1,22,1.0000 
1,24,1.0000 
1,25,1.0000 
1,26,1.0000 
1,27,1.0000 
1,28,1.0000 
1,29,1.0000 
1,30,1.0000 
1,36,1.0000 
1,37,1.0000 
1,39,1.0000 
1,40,1.0000 
1,41,1.0000 
1,42,1.0000 
1,43,1.0000 
1,45,1.0000 
1,46,1.0000 
1,47,1.0000 
1,48,1.0000 
1,49,1.0000 
1,51,1.0000 
1,52,1.0000 
1,53,1.0000 
1,55,1.0000 
1,59,1.0000 
1,60,1.0000 
1,61,1.0000 
1,62,1.0000 
1,63,1.0000 
1,64,1.0000 
1,66,1.0000 
1,68,1.0000 
1,69,1.0000 
1,72,1.0000 
1,73,1.0000 
1,74,1.0000 
1,76,1.0000 
1,77,1.0000 
1,79,1.0000 
1,80,1.0000 
1,81,1.0000 
1,82,1.0000 
1,83,1.0000 
1,84,1.0000 
1,85,1.0000 
1,86,1.0000 
1,87,1.0000 
1,88,1.0000 
1,90,1.0000 
1,91,1.0000 
1,95,1.0000 
1,96,1.0000 
1,98,1.0000 
1,99,1.0000 
1,100,1.0000 
2,3,1.0000 
2,4,1.0000 
2,5,1.0000 
2,6,1.0000 
2,7,1.0000 
2,9,1.0000 
2,10,1.0000 
2,11,1.0000 
2,12,1.0000 
2,13,1.0000 
2,14,1.0000 
2,15,1.0000 
2,18,1.0000 
2,19,1.0000 
2,20,1.0000 
2,21,1.0000 
2,22,1.0000 
2,24,1.0000 
2,25,1.0000 
2,26,1.0000 
2,27,1.0000 
2,28,1.0000 
2,29,1.0000 
2,30,1.0000 
2,36,1.0000 
2,37,1.0000 
2,39,1.0000 
2,40,1.0000 
2,41,1.0000 
2,42,1.0000 
2,43,1.0000 
2,45,1.0000 
2,46,1.0000 
2,47,1.0000 
2,48,1.0000 
2,49,1.0000 
2,51,1.0000 
2,52,1.0000 
2,53,1.0000 
2,55,1.0000 
2,59,1.0000 
2,60,1.0000 
2,61,1.0000 
2,62,1.0000 
2,63,1.0000 
2,64,1.0000 
2,66,1.0000 
2,68,1.0000 
2,69,1.0000 
2,72,1.0000 
2,73,1.0000 
2,74,1.0000 
2,76,1.0000 
2,77,1.0000 
2,79,1.0000 
2,80,1.0000 
2,81,1.0000 
2,82,1.0000 
2,83,1.0000 
2,84,1.0000 
2,85,1.0000 
2,86,1.0000 
2,87,1.0000 
2,88,1.0000 
2,90,1.0000 
2,91,1.0000 
2,95,1.0000 
2,96,1.0000 
2,98,1.0000 
2,99,1.0000 
2,100,1.0000 
3,4,1.0000 
3,5,1.0000 
3,6,1.0000 
3,7,1.0000 
3,8,1.0000 
3,9,1.0000 
3,10,1.0000 
3,11,1.0000 
3,12,1.0000 
3,13,1.0000 
3,14,1.0000 
3,15,1.0000 
3,18,1.0000 
3,19,1.0000 
3,20,1.0000 
3,21,1.0000 
3,22,1.0000 
3,24,1.0000 
3,25,1.0000 
3,26,1.0000 
3,27,1.0000 
3,29,1.0000 
3,30,1.0000 
3,36,1.0000 
3,37,1.0000 
3,39,1.0000 
3,40,1.0000 
3,41,1.0000 
3,42,1.0000 
3,43,1.0000 
3,44,1.0000 
3,45,1.0000 
3,46,1.0000 
3,47,1.0000 
3,48,1.0000 
3,49,1.0000 
3,51,1.0000 
3,52,1.0000 
3,53,1.0000 
3,59,1.0000 
3,60,1.0000 
3,61,1.0000 
3,62,1.0000 
3,63,1.0000 
3,64,1.0000 
3,66,1.0000 
3,68,1.0000 
3,69,1.0000 
3,72,1.0000 
3,73,1.0000 
3,74,1.0000 
3,76,1.0000 
3,77,1.0000 
3,79,1.0000 
3,80,1.0000 
3,81,1.0000 
3,82,1.0000 
3,83,1.0000 
3,84,1.0000 
3,85,1.0000 
3,86,1.0000 
3,87,1.0000 
3,88,1.0000 
3,89,1.0000 
3,90,1.0000 
3,91,1.0000 
3,93,1.0000 
3,94,1.0000 
3,95,1.0000 
3,96,1.0000 
3,98,1.0000 
3,99,1.0000 
3,100,1.0000 
4,5,1.0000 
4,6,1.0000 
4,7,1.0000 
4,9,1.0000 
4,10,1.0000 
4,11,1.0000 
4,12,1.0000 
4,13,1.0000 
4,14,1.0000 
4,15,1.0000 
4,18,1.0000 
4,19,1.0000 
4,20,1.0000 
4,21,1.0000 
4,22,1.0000 
4,24,1.0000 
4,25,1.0000 
4,26,1.0000 
4,27,1.0000 
4,28,1.0000 
4,29,1.0000 
4,30,1.0000 
4,36,1.0000 
4,37,1.0000 
4,39,1.0000 
4,40,1.0000 
4,41,1.0000 
4,42,1.0000 
4,43,1.0000 
4,45,1.0000 
4,46,1.0000 
4,47,1.0000 
4,48,1.0000 
4,49,1.0000 
4,51,1.0000 
4,52,1.0000 
4,53,1.0000 
4,55,1.0000 
4,59,1.0000 
4,60,1.0000 
4,61,1.0000 
4,62,1.0000 
4,63,1.0000 
4,64,1.0000 
4,66,1.0000 
4,68,1.0000 
4,69,1.0000 
4,72,1.0000 
4,73,1.0000 
4,74,1.0000 
4,76,1.0000 
4,77,1.0000 
4,79,1.0000 
4,80,1.0000 
4,81,1.0000 
4,82,1.0000 
4,83,1.0000 
4,84,1.0000 
4,85,1.0000 
4,86,1.0000 
4,87,1.0000 
4,88,1.0000 
4,90,1.0000 
4,91,1.0000 
4,95,1.0000 
4,96,1.0000 
4,98,1.0000 
4,99,1.0000 
4,100,1.0000 
5,6,1.0000 
5,7,1.0000 
5,9,1.0000 
5,10,1.0000 
5,11,1.0000 
5,12,1.0000 
5,13,1.0000 
5,14,1.0000 
5,15,1.0000 
5,18,1.0000 
5,19,1.0000 
5,20,1.0000 
5,21,1.0000 
5,22,1.0000 
5,24,1.0000 
5,25,1.0000 
5,26,1.0000 
5,27,1.0000 
5,28,1.0000 
5,29,1.0000 
5,30,1.0000 
5,36,1.0000 
5,37,1.0000 
5,39,1.0000 
5,40,1.0000 
5,41,1.0000 
5,42,1.0000 
5,43,1.0000 
5,45,1.0000 
5,46,1.0000 
5,47,1.0000 
5,48,1.0000 
5,49,1.0000 
5,51,1.0000 
5,52,1.0000 
5,53,1.0000 
5,55,1.0000 
5,59,1.0000 
5,60,1.0000 
5,61,1.0000 
5,62,1.0000 
5,63,1.0000 
5,64,1.0000 
5,66,1.0000 
5,68,1.0000 
5,69,1.0000 
5,72,1.0000 
5,73,1.0000 
5,74,1.0000 
5,76,1.0000 
5,77,1.0000 
5,79,1.0000 
5,80,1.0000 
5,81,1.0000 
5,82,1.0000 
5,83,1.0000 
5,84,1.0000 
5,85,1.0000 
5,86,1.0000 
5,87,1.0000 
5,88,1.0000 
5,90,1.0000 
5,91,1.0000 
5,95,1.0000 
5,96,1.0000 
5,98,1.0000 
5,99,1.0000 
5,100,1.0000 
6,7,1.0000 
6,8,1.0000 
6,9,1.0000 
6,10,1.0000 
6,11,1.0000 
6,12,1.0000 
6,13,1.0000 
6,14,1.0000 
6,15,1.0000 
6,18,1.0000 
6,19,1.0000 
6,20,1.0000 
6,21,1.0000 
6,22,1.0000 
6,24,1.0000 
6,25,1.0000 
6,26,1.0000 
6,27,1.0000 
6,29,1.0000 
6,30,1.0000 
6,36,1.0000 
6,37,1.0000 
6,39,1.0000 
6,40,1.0000 
6,41,1.0000 
6,42,1.0000 
6,43,1.0000 
6,44,1.0000 
6,45,1.0000 
6,46,1.0000 
6,47,1.0000 
6,48,1.0000 
6,49,1.0000 
6,51,1.0000 
6,52,1.0000 
6,53,1.0000 
6,59,1.0000 
6,60,1.0000 
6,61,1.0000 
6,62,1.0000 
6,63,1.0000 
6,64,1.0000 
6,66,1.0000 
6,68,1.0000 
6,69,1.0000 
6,72,1.0000 
6,73,1.0000 
6,74,1.0000 
6,76,1.0000 
6,77,1.0000 
6,79,1.0000 
6,80,1.0000 
6,81,1.0000 
6,82,1.0000 
6,83,1.0000 
6,84,1.0000 
6,85,1.0000 
6,86,1.0000 
6,87,1.0000 
6,88,1.0000 
6,89,1.0000 
6,90,1.0000 
6,91,1.0000 
6,93,1.0000 
6,94,1.0000 
6,95,1.0000 
6,96,1.0000 
6,98,1.0000 
6,99,1.0000 
6,100,1.0000 
7,9,1.0000 
7,10,1.0000 
7,11,1.0000 
7,12,1.0000 
7,13,1.0000 
7,14,1.0000 
7,15,1.0000 
7,18,1.0000 
7,19,1.0000 
7,20,1.0000 
7,21,1.0000 
7,22,1.0000 
7,24,1.0000 
7,25,1.0000 
7,26,1.0000 
7,27,1.0000 
7,28,1.0000 
7,29,1.0000 
7,30,1.0000 
7,36,1.0000 
7,37,1.0000 
7,39,1.0000 
7,40,1.0000 
7,41,1.0000 
7,42,1.0000 
7,43,1.0000 
7,45,1.0000 
7,46,1.0000 
7,47,1.0000 
7,48,1.0000 
7,49,1.0000 
7,51,1.0000 
7,52,1.0000 
7,53,1.0000 
7,55,1.0000 
7,59,1.0000 
7,60,1.0000 
7,61,1.0000 
7,62,1.0000 
7,63,1.0000 
7,64,1.0000 
7,66,1.0000 
7,68,1.0000 
7,69,1.0000 
7,72,1.0000 
7,73,1.0000 
7,74,1.0000 
7,76,1.0000 
7,77,1.0000 
7,79,1.0000 
7,80,1.0000 
7,81,1.0000 
7,82,1.0000 
7,83,1.0000 
7,84,1.0000 
7,85,1.0000 
7,86,1.0000 
7,87,1.0000 
7,88,1.0000 
7,90,1.0000 
7,91,1.0000 
7,95,1.0000 
7,96,1.0000 
7,98,1.0000 
7,99,1.0000 
7,100,1.0000 
8,12,1.0000 
8,17,1.0000 
8,23,1.0000 
8,24,1.0000 
8,32,1.0000 
8,33,1.0000 
8,34,1.0000 
8,35,1.0000 
8,36,1.0000 
8,43,1.0000 
8,44,1.0000 
8,46,1.0000 
8,51,1.0000 
8,54,1.0000 
8,56,1.0000 
8,57,1.0000 
8,58,1.0000 
8,60,1.0000 
8,65,1.0000 
8,66,1.0000 
8,67,1.0000 
8,68,1.0000 
8,70,1.0000 
8,73,1.0000 
8,78,1.0000 
8,89,1.0000 
8,92,1.0000 
8,93,1.0000 
8,94,1.0000 
8,97,1.0000 
8,100,1.0000 
9,10,1.0000 
9,11,1.0000 
9,12,1.0000 
9,13,1.0000 
9,14,1.0000 
9,15,1.0000 
9,18,1.0000 
9,19,1.0000 
9,20,1.0000 
9,21,1.0000 
9,22,1.0000 
9,24,1.0000 
9,25,1.0000 
9,26,1.0000 
9,27,1.0000 
9,28,1.0000 
9,29,1.0000 
9,30,1.0000 
9,36,1.0000 
9,37,1.0000 
9,39,1.0000 
9,40,1.0000 
9,41,1.0000 
9,42,1.0000 
9,43,1.0000 
9,45,1.0000 
9,46,1.0000 
9,47,1.0000 
9,48,1.0000 
9,49,1.0000 
9,51,1.0000 
9,52,1.0000 
9,53,1.0000 
9,55,1.0000 
9,59,1.0000 
9,60,1.0000 
9,61,1.0000 
9,62,1.0000 
9,63,1.0000 
9,64,1.0000 
9,66,1.0000 
9,68,1.0000 
9,69,1.0000 
9,72,1.0000 
9,73,1.0000 
9,74,1.0000 
9,76,1.0000 
9,77,1.0000 
9,79,1.0000 
9,80,1.0000 
9,81,1.0000 
9,82,1.0000 
9,83,1.0000 
9,84,1.0000 
9,85,1.0000 
9,86,1.0000 
9,87,1.0000 
9,88,1.0000 
9,90,1.0000 
9,91,1.0000 
9,95,1.0000 
9,96,1.0000 
9,98,1.0000 
9,99,1.0000 
9,100,1.0000 
10,11,1.0000 
10,12,1.0000 
10,13,1.0000 
10,14,1.0000 
10,15,1.0000 
10,18,1.0000 
10,19,1.0000 
10,20,1.0000 
10,21,1.0000 
10,22,1.0000 
10,24,1.0000 
10,25,1.0000 
10,26,1.0000 
10,27,1.0000 
10,28,1.0000 
10,29,1.0000 
10,30,1.0000 
10,36,1.0000 
10,37,1.0000 
10,39,1.0000 
10,40,1.0000 
10,41,1.0000 
10,42,1.0000 
10,43,1.0000 
10,45,1.0000 
10,46,1.0000 
10,47,1.0000 
10,48,1.0000 
10,49,1.0000 
10,51,1.0000 
10,52,1.0000 
10,53,1.0000 
10,55,1.0000 
10,59,1.0000 
10,60,1.0000 
10,61,1.0000 
10,62,1.0000 
10,63,1.0000 
10,64,1.0000 
10,66,1.0000 
10,68,1.0000 
10,69,1.0000 
10,72,1.0000 
10,73,1.0000 
10,74,1.0000 
10,76,1.0000 
10,77,1.0000 
10,79,1.0000 
10,80,1.0000 
10,81,1.0000 
10,82,1.0000 
10,83,1.0000 
10,84,1.0000 
10,85,1.0000 
10,86,1.0000 
10,87,1.0000 
10,88,1.0000 
10,90,1.0000 
10,91,1.0000 
10,95,1.0000 
10,96,1.0000 
10,98,1.0000 
10,99,1.0000 
10,100,1.0000 
11,12,1.0000 
11,13,1.0000 
11,14,1.0000 
11,15,1.0000 
11,18,1.0000 
11,19,1.0000 
11,20,1.0000 
11,21,1.0000 
11,22,1.0000 
11,24,1.0000 
11,25,1.0000 
11,26,1.0000 
11,27,1.0000 
11,28,1.0000 
11,29,1.0000 
11,30,1.0000 
11,36,1.0000 
11,37,1.0000 
11,39,1.0000 
11,40,1.0000 
11,41,1.0000 
11,42,1.0000 
11,43,1.0000 
11,45,1.0000 
11,46,1.0000 
11,47,1.0000 
11,48,1.0000 
11,49,1.0000 
11,51,1.0000 
11,52,1.0000 
11,53,1.0000 
11,55,1.0000 
11,59,1.0000 
11,60,1.0000 
11,61,1.0000 
11,62,1.0000 
11,63,1.0000 
11,64,1.0000 
11,66,1.0000 
11,68,1.0000 
11,69,1.0000 
11,72,1.0000 
11,73,1.0000 
11,74,1.0000 
11,76,1.0000 
11,77,1.0000 
11,79,1.0000 
11,80,1.0000 
11,81,1.0000 
11,82,1.0000 
11,83,1.0000 
11,84,1.0000 
11,85,1.0000 
11,86,1.0000 
11,87,1.0000 
11,88,1.0000 
11,90,1.0000 
11,91,1.0000 
11,95,1.0000 
11,96,1.0000 
11,98,1.0000 
11,99,1.0000 
11,100,1.0000 
12,13,1.0000 
12,14,1.0000 
12,15,1.0000 
12,18,1.0000 
12,19,1.0000 
12,20,1.0000 
12,21,1.0000 
12,22,1.0000 
12,24,1.0000 
12,25,1.0000 
12,26,1.0000 
12,27,1.0000 
12,29,1.0000 
12,30,1.0000 
12,36,1.0000 
12,37,1.0000 
12,39,1.0000 
12,40,1.0000 
12,41,1.0000 
12,42,1.0000 
12,43,1.0000 
12,44,1.0000 
12,45,1.0000 
12,46,1.0000 
12,47,1.0000 
12,48,1.0000 
12,49,1.0000 
12,51,1.0000 
12,52,1.0000 
12,53,1.0000 
12,59,1.0000 
12,60,1.0000 
12,61,1.0000 
12,62,1.0000 
12,63,1.0000 
12,64,1.0000 
12,66,1.0000 
12,68,1.0000 
12,69,1.0000 
12,72,1.0000 
12,73,1.0000 
12,74,1.0000 
12,76,1.0000 
12,77,1.0000 
12,79,1.0000 
12,80,1.0000 
12,81,1.0000 
12,82,1.0000 
12,83,1.0000 
12,84,1.0000 
12,85,1.0000 
12,86,1.0000 
12,87,1.0000 
12,88,1.0000 
12,89,1.0000 
12,90,1.0000 
12,91,1.0000 
12,93,1.0000 
12,94,1.0000 
12,95,1.0000 
12,96,1.0000 
12,98,1.0000 
12,99,1.0000 
12,100,1.0000 
13,14,1.0000 
13,15,1.0000 
13,18,1.0000 
13,19,1.0000 
13,20,1.0000 
13,21,1.0000 
13,22,1.0000 
13,24,1.0000 
13,25,1.0000 
13,26,1.0000 
13,27,1.0000 
13,28,1.0000 
13,29,1.0000 
13,30,1.0000 
13,36,1.0000 
13,37,1.0000 
13,39,1.0000 
13,40,1.0000 
13,41,1.0000 
13,42,1.0000 
13,43,1.0000 
13,45,1.0000 
13,46,1.0000 
13,47,1.0000 
13,48,1.0000 
13,49,1.0000 
13,51,1.0000 
13,52,1.0000 
13,53,1.0000 
13,55,1.0000 
13,59,1.0000 
13,60,1.0000 
13,61,1.0000 
13,62,1.0000 
13,63,1.0000 
13,64,1.0000 
13,66,1.0000 
13,68,1.0000 
13,69,1.0000 
13,72,1.0000 
13,73,1.0000 
13,74,1.0000 
13,76,1.0000 
13,77,1.0000 
13,79,1.0000 
13,80,1.0000 
13,81,1.0000 
13,82,1.0000 
13,83,1.0000 
13,84,1.0000 
13,85,1.0000 
13,86,1.0000 
13,87,1.0000 
13,88,1.0000 
13,90,1.0000 
13,91,1.0000 
13,95,1.0000 
13,96,1.0000 
13,98,1.0000 
13,99,1.0000 
13,100,1.0000 
14,15,1.0000 
14,18,1.0000 
14,19,1.0000 
14,20,1.0000 
14,21,1.0000 
14,22,1.0000 
14,24,1.0000 
14,25,1.0000 
14,26,1.0000 
14,27,1.0000 
14,28,1.0000 
14,29,1.0000 
14,30,1.0000 
14,36,1.0000 
14,37,1.0000 
14,39,1.0000 
14,40,1.0000 
14,41,1.0000 
14,42,1.0000 
14,43,1.0000 
14,45,1.0000 
14,46,1.0000 
14,47,1.0000 
14,48,1.0000 
14,49,1.0000 
14,51,1.0000 
14,52,1.0000 
14,53,1.0000 
14,55,1.0000 
14,59,1.0000 
14,60,1.0000 
14,61,1.0000 
14,62,1.0000 
14,63,1.0000 
14,64,1.0000 
14,66,1.0000 
14,68,1.0000 
14,69,1.0000 
14,72,1.0000 
14,73,1.0000 
14,74,1.0000 
14,76,1.0000 
14,77,1.0000 
14,79,1.0000 
14,80,1.0000 
14,81,1.0000 
14,82,1.0000 
14,83,1.0000 
14,84,1.0000 
14,85,1.0000 
14,86,1.0000 
14,87,1.0000 
14,88,1.0000 
14,90,1.0000 
14,91,1.0000 
14,95,1.0000 
14,96,1.0000 
14,98,1.0000 
14,99,1.0000 
14,100,1.0000 
15,18,1.0000 
15,19,1.0000 
15,20,1.0000 
15,21,1.0000 
15,22,1.0000 
15,24,1.0000 
15,25,1.0000 
15,26,1.0000 
15,27,1.0000 
15,28,1.0000 
15,29,1.0000 
15,30,1.0000 
15,36,1.0000 
15,37,1.0000 
15,39,1.0000 
15,40,1.0000 
15,41,1.0000 
15,42,1.0000 
15,43,1.0000 
15,45,1.0000 
15,46,1.0000 
15,47,1.0000 
15,48,1.0000 
15,49,1.0000 
15,51,1.0000 
15,52,1.0000 
15,53,1.0000 
15,55,1.0000 
15,59,1.0000 
15,60,1.0000 
15,61,1.0000 
15,62,1.0000 
15,63,1.0000 
15,64,1.0000 
15,66,1.0000 
15,68,1.0000 
15,69,1.0000 
15,72,1.0000 
15,73,1.0000 
15,74,1.0000 
15,76,1.0000 
15,77,1.0000 
15,79,1.0000 
15,80,1.0000 
15,81,1.0000 
15,82,1.0000 
15,83,1.0000 
15,84,1.0000 
15,85,1.0000 
15,86,1.0000 
15,87,1.0000 
15,88,1.0000 
15,90,1.0000 
15,91,1.0000 
15,95,1.0000 
15,96,1.0000 
15,98,1.0000 
15,99,1.0000 
15,100,1.0000 
16,17,1.0000 
16,23,1.0000 
16,31,1.0000 
16,32,1.0000 
16,33,1.0000 
16,34,1.0000 
16,35,1.0000 
16,38,1.0000 
16,50,1.0000 
16,54,1.0000 
16,56,1.0000 
16,57,1.0000 
16,58,1.0000 
16,65,1.0000 
16,67,1.0000 
16,70,1.0000 
16,71,1.0000 
16,75,1.0000 
16,78,1.0000 
16,92,1.0000 
16,97,1.0000 
17,23,1.0000 
17,31,1.0000 
17,32,1.0000 
17,33,1.0000 
17,34,1.0000 
17,35,1.0000 
17,38,1.0000 
17,44,1.0000 
17,50,1.0000 
17,54,1.0000 
17,56,1.0000 
17,57,1.0000 
17,58,1.0000 
17,65,1.0000 
17,67,1.0000 
17,70,1.0000 
17,71,1.0000 
17,75,1.0000 
17,78,1.0000 
17,89,1.0000 
17,92,1.0000 
17,93,1.0000 
17,94,1.0000 
17,97,1.0000 
18,19,1.0000 
18,20,1.0000 
18,21,1.0000 
18,22,1.0000 
18,24,1.0000 
18,25,1.0000 
18,26,1.0000 
18,27,1.0000 
18,28,1.0000 
18,29,1.0000 
18,30,1.0000 
18,36,1.0000 
18,37,1.0000 
18,39,1.0000 
18,40,1.0000 
18,41,1.0000 
18,42,1.0000 
18,43,1.0000 
18,45,1.0000 
18,46,1.0000 
18,47,1.0000 
18,48,1.0000 
18,49,1.0000 
18,51,1.0000 
18,52,1.0000 
18,53,1.0000 
18,55,1.0000 
18,59,1.0000 
18,60,1.0000 
18,61,1.0000 
18,62,1.0000 
18,63,1.0000 
18,64,1.0000 
18,66,1.0000 
18,68,1.0000 
18,69,1.0000 
18,72,1.0000 
18,73,1.0000 
18,74,1.0000 
18,76,1.0000 
18,77,1.0000 
18,79,1.0000 
18,80,1.0000 
18,81,1.0000 
18,82,1.0000 
18,83,1.0000 
18,84,1.0000 
18,85,1.0000 
18,86,1.0000 
18,87,1.0000 
18,88,1.0000 
18,90,1.0000 
18,91,1.0000 
18,95,1.0000 
18,96,1.0000 
18,98,1.0000 
18,99,1.0000 
18,100,1.0000 
19,20,1.0000 
19,21,1.0000 
19,22,1.0000 
19,24,1.0000 
19,25,1.0000 
19,26,1.0000 
19,27,1.0000 
19,28,1.0000 
19,29,1.0000 
19,30,1.0000 
19,36,1.0000 
19,37,1.0000 
19,39,1.0000 
19,40,1.0000 
19,41,1.0000 
19,42,1.0000 
19,43,1.0000 
19,45,1.0000 
19,46,1.0000 
19,47,1.0000 
19,48,1.0000 
19,49,1.0000 
19,51,1.0000 
19,52,1.0000 
19,53,1.0000 
19,55,1.0000 
19,59,1.0000 
19,60,1.0000 
19,61,1.0000 
19,62,1.0000 
19,63,1.0000 
19,64,1.0000 
19,66,1.0000 
19,68,1.0000 
19,69,1.0000 
19,72,1.0000 
19,73,1.0000 
19,74,1.0000 
19,76,1.0000 
19,77,1.0000 
19,79,1.0000 
19,80,1.0000 
19,81,1.0000 
19,82,1.0000 
19,83,1.0000 
19,84,1.0000 
19,85,1.0000 
19,86,1.0000 
19,87,1.0000 
19,88,1.0000 
19,90,1.0000 
19,91,1.0000 
19,95,1.0000 
19,96,1.0000 
19,98,1.0000 
19,99,1.0000 
19,100,1.0000 
20,21,1.0000 
20,22,1.0000 
20,24,1.0000 
20,25,1.0000 
20,26,1.0000 
20,27,1.0000 
20,28,1.0000 
20,29,1.0000 
20,30,1.0000 
20,36,1.0000 
20,37,1.0000 
20,39,1.0000 
20,40,1.0000 
20,41,1.0000 
20,42,1.0000 
20,43,1.0000 
20,45,1.0000 
20,46,1.0000 
20,47,1.0000 
20,48,1.0000 
20,49,1.0000 
20,51,1.0000 
20,52,1.0000 
20,53,1.0000 
20,55,1.0000 
20,59,1.0000 
20,60,1.0000 
20,61,1.0000 
20,62,1.0000 
20,63,1.0000 
20,64,1.0000 
20,66,1.0000 
20,68,1.0000 
20,69,1.0000 
20,72,1.0000 
20,73,1.0000 
20,74,1.0000 
20,76,1.0000 
20,77,1.0000 
20,79,1.0000 
20,80,1.0000 
20,81,1.0000 
20,82,1.0000 
20,83,1.0000 
20,84,1.0000 
20,85,1.0000 
20,86,1.0000 
20,87,1.0000 
20,88,1.0000 
20,90,1.0000 
20,91,1.0000 
20,95,1.0000 
20,96,1.0000 
20,98,1.0000 
20,99,1.0000 
20,100,1.0000 
21,22,1.0000 
21,24,1.0000 
21,25,1.0000 
21,26,1.0000 
21,27,1.0000 
21,28,1.0000 
21,29,1.0000 
21,30,1.0000 
21,36,1.0000 
21,37,1.0000 
21,39,1.0000 
21,40,1.0000 
21,41,1.0000 
21,42,1.0000 
21,43,1.0000 
21,45,1.0000 
21,46,1.0000 
21,47,1.0000 
21,48,1.0000 
21,49,1.0000 
21,51,1.0000 
21,52,1.0000 
21,53,1.0000 
21,55,1.0000 
21,59,1.0000 
21,60,1.0000 
21,61,1.0000 
21,62,1.0000 
21,63,1.0000 
21,64,1.0000 
21,66,1.0000 
21,68,1.0000 
21,69,1.0000 
21,72,1.0000 
21,73,1.0000 
21,74,1.0000 
21,76,1.0000 
21,77,1.0000 
21,79,1.0000 
21,80,1.0000 
21,81,1.0000 
21,82,1.0000 
21,83,1.0000 
21,84,1.0000 
21,85,1.0000 
21,86,1.0000 
21,87,1.0000 
21,88,1.0000 
21,90,1.0000 
21,91,1.0000 
21,95,1.0000 
21,96,1.0000 
21,98,1.0000 
21,99,1.0000 
21,100,1.0000 
22,24,1.0000 
22,25,1.0000 
22,26,1.0000 
22,27,1.0000 
22,28,1.0000 
22,29,1.0000 
22,30,1.0000 
22,36,1.0000 
22,37,1.0000 
22,39,1.0000 
22,40,1.0000 
22,41,1.0000 
22,42,1.0000 
22,43,1.0000 
22,45,1.0000 
22,46,1.0000 
22,47,1.0000 
22,48,1.0000 
22,49,1.0000 
22,51,1.0000 
22,52,1.0000 
22,53,1.0000 
22,55,1.0000 
22,59,1.0000 
22,60,1.0000 
22,61,1.0000 
22,62,1.0000 
22,63,1.0000 
22,64,1.0000 
22,66,1.0000 
22,68,1.0000 
22,69,1.0000 
22,72,1.0000 
22,73,1.0000 
22,74,1.0000 
22,76,1.0000 
22,77,1.0000 
22,79,1.0000 
22,80,1.0000 
22,81,1.0000 
22,82,1.0000 
22,83,1.0000 
22,84,1.0000 
22,85,1.0000 
22,86,1.0000 
22,87,1.0000 
22,88,1.0000 
22,90,1.0000 
22,91,1.0000 
22,95,1.0000 
22,96,1.0000 
22,98,1.0000 
22,99,1.0000 
22,100,1.0000 
23,31,1.0000 
23,32,1.0000 
23,33,1.0000 
23,34,1.0000 
23,35,1.0000 
23,38,1.0000 
23,44,1.0000 
23,50,1.0000 
23,54,1.0000 
23,56,1.0000 
23,57,1.0000 
23,58,1.0000 
23,65,1.0000 
23,67,1.0000 
23,70,1.0000 
23,71,1.0000 
23,75,1.0000 
23,78,1.0000 
23,89,1.0000 
23,92,1.0000 
23,93,1.0000 
23,94,1.0000 
23,97,1.0000 
24,25,1.0000 
24,26,1.0000 
24,27,1.0000 
24,29,1.0000 
24,30,1.0000 
24,36,1.0000 
24,37,1.0000 
24,39,1.0000 
24,40,1.0000 
24,41,1.0000 
24,42,1.0000 
24,43,1.0000 
24,44,1.0000 
24,45,1.0000 
24,46,1.0000 
24,47,1.0000 
24,48,1.0000 
24,49,1.0000 
24,51,1.0000 
24,52,1.0000 
24,53,1.0000 
24,59,1.0000 
24,60,1.0000 
24,61,1.0000 
24,62,1.0000 
24,63,1.0000 
24,64,1.0000 
24,66,1.0000 
24,68,1.0000 
24,69,1.0000 
24,72,1.0000 
24,73,1.0000 
24,74,1.0000 
24,76,1.0000 
24,77,1.0000 
24,79,1.0000 
24,80,1.0000 
24,81,1.0000 
24,82,1.0000 
24,83,1.0000 
24,84,1.0000 
24,85,1.0000 
24,86,1.0000 
24,87,1.0000 
24,88,1.0000 
24,89,1.0000 
24,90,1.0000 
24,91,1.0000 
24,93,1.0000 
24,94,1.0000 
24,95,1.0000 
24,96,1.0000 
24,98,1.0000 
24,99,1.0000 
24,100,1.0000 
25,26,1.0000 
25,27,1.0000 
25,28,1.0000 
25,29,1.0000 
25,30,1.0000 
25,36,1.0000 
25,37,1.0000 
25,39,1.0000 
25,40,1.0000 
25,41,1.0000 
25,42,1.0000 
25,43,1.0000 
25,45,1.0000 
25,46,1.0000 
25,47,1.0000 
25,48,1.0000 
25,49,1.0000 
25,51,1.0000 
25,52,1.0000 
25,53,1.0000 
25,55,1.0000 
25,59,1.0000 
25,60,1.0000 
25,61,1.0000 
25,62,1.0000 
25,63,1.0000 
25,64,1.0000 
25,66,1.0000 
25,68,1.0000 
25,69,1.0000 
25,72,1.0000 
25,73,1.0000 
25,74,1.0000 
25,76,1.0000 
25,77,1.0000 
25,79,1.0000 
25,80,1.0000 
25,81,1.0000 
25,82,1.0000 
25,83,1.0000 
25,84,1.0000 
25,85,1.0000 
25,86,1.0000 
25,87,1.0000 
25,88,1.0000 
25,90,1.0000 
25,91,1.0000 
25,95,1.0000 
25,96,1.0000 
25,98,1.0000 
25,99,1.0000 
25,100,1.0000 
26,27,1.0000 
26,28,1.0000 
26,29,1.0000 
26,30,1.0000 
26,36,1.0000 
26,37,1.0000 
26,39,1.0000 
26,40,1.0000 
26,41,1.0000 
26,42,1.0000 
26,43,1.0000 
26,45,1.0000 
26,46,1.0000 
26,47,1.0000 
26,48,1.0000 
26,49,1.0000 
26,51,1.0000 
26,52,1.0000 
26,53,1.0000 
26,55,1.0000 
26,59,1.0000 
26,60,1.0000 
26,61,1.0000 
26,62,1.0000 
26,63,1.0000 
26,64,1.0000 
26,66,1.0000 
26,68,1.0000 
26,69,1.0000 
26,72,1.0000 
26,73,1.0000 
26,74,1.0000 
26,76,1.0000 
26,77,1.0000 
26,79,1.0000 
26,80,1.0000 
26,81,1.0000 
26,82,1.0000 
26,83,1.0000 
26,84,1.0000 
26,85,1.0000 
26,86,1.0000 
26,87,1.0000 
26,88,1.0000 
26,90,1.0000 
26,91,1.0000 
26,95,1.0000 
26,96,1.0000 
26,98,1.0000 
26,99,1.0000 
26,100,1.0000 
27,28,1.0000 
27,29,1.0000 
27,30,1.0000 
27,36,1.0000 
27,37,1.0000 
27,39,1.0000 
27,40,1.0000 
27,41,1.0000 
27,42,1.0000 
27,43,1.0000 
27,45,1.0000 
27,46,1.0000 
27,47,1.0000 
27,48,1.0000 
27,49,1.0000 
27,51,1.0000 
27,52,1.0000 
27,53,1.0000 
27,55,1.0000 
27,59,1.0000 
27,60,1.0000 
27,61,1.0000 
27,62,1.0000 
27,63,1.0000 
27,64,1.0000 
27,66,1.0000 
27,68,1.0000 
27,69,1.0000 
27,72,1.0000 
27,73,1.0000 
27,74,1.0000 
27,76,1.0000 
27,77,1.0000 
27,79,1.0000 
27,80,1.0000 
27,81,1.0000 
27,82,1.0000 
27,83,1.0000 
27,84,1.0000 
27,85,1.0000 
27,86,1.0000 
27,87,1.0000 
27,88,1.0000 
27,90,1.0000 
27,91,1.0000 
27,95,1.0000 
27,96,1.0000 
27,98,1.0000 
27,99,1.0000 
27,100,1.0000 
28,29,1.0000 
28,30,1.0000 
28,37,1.0000 
28,39,1.0000 
28,40,1.0000 
28,41,1.0000 
28,42,1.0000 
28,45,1.0000 
28,47,1.0000 
28,48,1.0000 
28,49,1.0000 
28,52,1.0000 
28,53,1.0000 
28,55,1.0000 
28,59,1.0000 
28,61,1.0000 
28,62,1.0000 
28,63,1.0000 
28,64,1.0000 
28,69,1.0000 
28,72,1.0000 
28,74,1.0000 
28,76,1.0000 
28,77,1.0000 
28,79,1.0000 
28,80,1.0000 
28,81,1.0000 
28,82,1.0000 
28,83,1.0000 
28,84,1.0000 
28,85,1.0000 
28,86,1.0000 
28,87,1.0000 
28,88,1.0000 
28,90,1.0000 
28,91,1.0000 
28,95,1.0000 
28,96,1.0000 
28,98,1.0000 
28,99,1.0000 
29,30,1.0000 
29,36,1.0000 
29,37,1.0000 
29,39,1.0000 
29,40,1.0000 
29,41,1.0000 
29,42,1.0000 
29,43,1.0000 
29,45,1.0000 
29,46,1.0000 
29,47,1.0000 
29,48,1.0000 
29,49,1.0000 
29,51,1.0000 
29,52,1.0000 
29,53,1.0000 
29,55,1.0000 
29,59,1.0000 
29,60,1.0000 
29,61,1.0000 
29,62,1.0000 
29,63,1.0000 
29,64,1.0000 
29,66,1.0000 
29,68,1.0000 
29,69,1.0000 
29,72,1.0000 
29,73,1.0000 
29,74,1.0000 
29,76,1.0000 
29,77,1.0000 
29,79,1.0000 
29,80,1.0000 
29,81,1.0000 
29,82,1.0000 
29,83,1.0000 
29,84,1.0000 
29,85,1.0000 
29,86,1.0000 
29,87,1.0000 
29,88,1.0000 
29,90,1.0000 
29,91,1.0000 
29,95,1.0000 
29,96,1.0000 
29,98,1.0000 
29,99,1.0000 
29,100,1.0000 
30,36,1.0000 
30,37,1.0000 
30,39,1.0000 
30,40,1.0000 
30,41,1.0000 
30,42,1.0000 
30,43,1.0000 
30,45,1.0000 
30,46,1.0000 
30,47,1.0000 
30,48,1.0000 
30,49,1.0000 
30,51,1.0000 
30,52,1.0000 
30,53,1.0000 
30,55,1.0000 
30,59,1.0000 
30,60,1.0000 
30,61,1.0000 
30,62,1.0000 
30,63,1.0000 
30,64,1.0000 
30,66,1.0000 
30,68,1.0000 
30,69,1.0000 
30,72,1.0000 
30,73,1.0000 
30,74,1.0000 
30,76,1.0000 
30,77,1.0000 
30,79,1.0000 
30,80,1.0000 
30,81,1.0000 
30,82,1.0000 
30,83,1.0000 
30,84,1.0000 
30,85,1.0000 
30,86,1.0000 
30,87,1.0000 
30,88,1.0000 
30,90,1.0000 
30,91,1.0000 
30,95,1.0000 
30,96,1.0000 
30,98,1.0000 
30,99,1.0000 
30,100,1.0000 
31,32,1.0000 
31,33,1.0000 
31,34,1.0000 
31,35,1.0000 
31,38,1.0000 
31,50,1.0000 
31,54,1.0000 
31,56,1.0000 
31,57,1.0000 
31,58,1.0000 
31,65,1.0000 
31,67,1.0000 
31,70,1.0000 
31,71,1.0000 
31,75,1.0000 
31,78,1.0000 
31,92,1.0000 
31,97,1.0000 
32,33,1.0000 
32,34,1.0000 
32,35,1.0000 
32,38,1.0000 
32,44,1.0000 
32,50,1.0000 
32,54,1.0000 
32,56,1.0000 
32,57,1.0000 
32,58,1.0000 
32,65,1.0000 
32,67,1.0000 
32,70,1.0000 
32,71,1.0000 
32,75,1.0000 
32,78,1.0000 
32,89,1.0000 
32,92,1.0000 
32,93,1.0000 
32,94,1.0000 
32,97,1.0000 
33,34,1.0000 
33,35,1.0000 
33,38,1.0000 
33,44,1.0000 
33,50,1.0000 
33,54,1.0000 
33,56,1.0000 
33,57,1.0000 
33,58,1.0000 
33,65,1.0000 
33,67,1.0000 
33,70,1.0000 
33,71,1.0000 
33,75,1.0000 
33,78,1.0000 
33,89,1.0000 
33,92,1.0000 
33,93,1.0000 
33,94,1.0000 
33,97,1.0000 
34,35,1.0000 
34,38,1.0000 
34,44,1.0000 
34,50,1.0000 
34,54,1.0000 
34,56,1.0000 
34,57,1.0000 
34,58,1.0000 
34,65,1.0000 
34,67,1.0000 
34,70,1.0000 
34,71,1.0000 
34,75,1.0000 
34,78,1.0000 
34,89,1.0000 
34,92,1.0000 
34,93,1.0000 
34,94,1.0000 
34,97,1.0000 
35,38,1.0000 
35,44,1.0000 
35,50,1.0000 
35,54,1.0000 
35,56,1.0000 
35,57,1.0000 
35,58,1.0000 
35,65,1.0000 
35,67,1.0000 
35,70,1.0000 
35,71,1.0000 
35,75,1.0000 
35,78,1.0000 
35,89,1.0000 
35,92,1.0000 
35,93,1.0000 
35,94,1.0000 
35,97,1.0000 
36,37,1.0000 
36,39,1.0000 
36,40,1.0000 
36,41,1.0000 
36,42,1.0000 
36,43,1.0000 
36,44,1.0000 
36,45,1.0000 
36,46,1.0000 
36,47,1.0000 
36,48,1.0000 
36,49,1.0000 
36,51,1.0000 
36,52,1.0000 
36,53,1.0000 
36,59,1.0000 
36,60,1.0000 
36,61,1.0000 
36,62,1.0000 
36,63,1.0000 
36,64,1.0000 
36,66,1.0000 
36,68,1.0000 
36,69,1.0000 
36,72,1.0000 
36,73,1.0000 
36,74,1.0000 
36,76,1.0000 
36,77,1.0000 
36,79,1.0000 
36,80,1.0000 
36,81,1.0000 
36,82,1.0000 
36,83,1.0000 
36,84,1.0000 
36,85,1.0000 
36,86,1.0000 
36,87,1.0000 
36,88,1.0000 
36,89,1.0000 
36,90,1.0000 
36,91,1.0000 
36,93,1.0000 
36,94,1.0000 
36,95,1.0000 
36,96,1.0000 
36,98,1.0000 
36,99,1.0000 
36,100,1.0000 
37,39,1.0000 
37,40,1.0000 
37,41,1.0000 
37,42,1.0000 
37,43,1.0000 
37,45,1.0000 
37,46,1.0000 
37,47,1.0000 
37,48,1.0000 
37,49,1.0000 
37,51,1.0000 
37,52,1.0000 
37,53,1.0000 
37,55,1.0000 
37,59,1.0000 
37,60,1.0000 
37,61,1.0000 
37,62,1.0000 
37,63,1.0000 
37,64,1.0000 
37,66,1.0000 
37,68,1.0000 
37,69,1.0000 
37,72,1.0000 
37,73,1.0000 
37,74,1.0000 
37,76,1.0000 
37,77,1.0000 
37,79,1.0000 
37,80,1.0000 
37,81,1.0000 
37,82,1.0000 
37,83,1.0000 
37,84,1.0000 
37,85,1.0000 
37,86,1.0000 
37,87,1.0000 
37,88,1.0000 
37,90,1.0000 
37,91,1.0000 
37,95,1.0000 
37,96,1.0000 
37,98,1.0000 
37,99,1.0000 
37,100,1.0000 
38,50,1.0000 
38,54,1.0000 
38,56,1.0000 
38,57,1.0000 
38,58,1.0000 
38,65,1.0000 
38,67,1.0000 
38,70,1.0000 
38,71,1.0000 
38,75,1.0000 
38,78,1.0000 
38,92,1.0000 
38,97,1.0000 
39,40,1.0000 
39,41,1.0000 
39,42,1.0000 
39,43,1.0000 
39,45,1.0000 
39,46,1.0000 
39,47,1.0000 
39,48,1.0000 
39,49,1.0000 
39,51,1.0000 
39,52,1.0000 
39,53,1.0000 
39,55,1.0000 
39,59,1.0000 
39,60,1.0000 
39,61,1.0000 
39,62,1.0000 
39,63,1.0000 
39,64,1.0000 
39,66,1.0000 
39,68,1.0000 
39,69,1.0000 
39,72,1.0000 
39,73,1.0000 
39,74,1.0000 
39,76,1.0000 
39,77,1.0000 
39,79,1.0000 
39,80,1.0000 
39,81,1.0000 
39,82,1.0000 
39,83,1.0000 
39,84,1.0000 
39,85,1.0000 
39,86,1.0000 
39,87,1.0000 
39,88,1.0000 
39,90,1.0000 
39,91,1.0000 
39,95,1.0000 
39,96,1.0000 
39,98,1.0000 
39,99,1.0000 
39,100,1.0000 
40,41,1.0000 
40,42,1.0000 
40,43,1.0000 
40,45,1.0000 
40,46,1.0000 
40,47,1.0000 
40,48,1.0000 
40,49,1.0000 
40,51,1.0000 
40,52,1.0000 
40,53,1.0000 
40,55,1.0000 
40,59,1.0000 
40,60,1.0000 
40,61,1.0000 
40,62,1.0000 
40,63,1.0000 
40,64,1.0000 
40,66,1.0000 
40,68,1.0000 
40,69,1.0000 
40,72,1.0000 
40,73,1.0000 
40,74,1.0000 
40,76,1.0000 
40,77,1.0000 
40,79,1.0000 
40,80,1.0000 
40,81,1.0000 
40,82,1.0000 
40,83,1.0000 
40,84,1.0000 
40,85,1.0000 
40,86,1.0000 
40,87,1.0000 
40,88,1.0000 
40,90,1.0000 
40,91,1.0000 
40,95,1.0000 
40,96,1.0000 
40,98,1.0000 
40,99,1.0000 
40,100,1.0000 
41,42,1.0000 
41,43,1.0000 
41,45,1.0000 
41,46,1.0000 
41,47,1.0000 
41,48,1.0000 
41,49,1.0000 
41,51,1.0000 
41,52,1.0000 
41,53,1.0000 
41,55,1.0000 
41,59,1.0000 
41,60,1.0000 
41,61,1.0000 
41,62,1.0000 
41,63,1.0000 
41,64,1.0000 
41,66,1.0000 
41,68,1.0000 
41,69,1.0000 
41,72,1.0000 
41,73,1.0000 
41,74,1.0000 
41,76,1.0000 
41,77,1.0000 
41,79,1.0000 
41,80,1.0000 
41,81,1.0000 
41,82,1.0000 
41,83,1.0000 
41,84,1.0000 
41,85,1.0000 
41,86,1.0000 
41,87,1.0000 
41,88,1.0000 
41,90,1.0000 
41,91,1.0000 
41,95,1.0000 
41,96,1.0000 
41,98,1.0000 
41,99,1.0000 
41,100,1.0000 
42,43,1.0000 
42,45,1.0000 
42,46,1.0000 
42,47,1.0000 
42,48,1.0000 
42,49,1.0000 
42,51,1.0000 
42,52,1.0000 
42,53,1.0000 
42,55,1.0000 
42,59,1.0000 
42,60,1.0000 
42,61,1.0000 
42,62,1.0000 
42,63,1.0000 
42,64,1.0000 
42,66,1.0000 
42,68,1.0000 
42,69,1.0000 
42,72,1.0000 
42,73,1.0000 
42,74,1.0000 
42,76,1.0000 
42,77,1.0000 
42,79,1.0000 
42,80,1.0000 
42,81,1.0000 
42,82,1.0000 
42,83,1.0000 
42,84,1.0000 
42,85,1.0000 
42,86,1.0000 
42,87,1.0000 
42,88,1.0000 
42,90,1.0000 
42,91,1.0000 
42,95,1.0000 
42,96,1.0000 
42,98,1.0000 
42,99,1.0000 
42,100,1.0000 
43,44,1.0000 
43,45,1.0000 
43,46,1.0000 
43,47,1.0000 
43,48,1.0000 
43,49,1.0000 
43,51,1.0000 
43,52,1.0000 
43,53,1.0000 
43,59,1.0000 
43,60,1.0000 
43,61,1.0000 
43,62,1.0000 
43,63,1.0000 
43,64,1.0000 
43,66,1.0000 
43,68,1.0000 
43,69,1.0000 
43,72,1.0000 
43,73,1.0000 
43,74,1.0000 
43,76,1.0000 
43,77,1.0000 
43,79,1.0000 
43,80,1.0000 
43,81,1.0000 
43,82,1.0000 
43,83,1.0000 
43,84,1.0000 
43,85,1.0000 
43,86,1.0000 
43,87,1.0000 
43,88,1.0000 
43,89,1.0000 
43,90,1.0000 
43,91,1.0000 
43,93,1.0000 
43,94,1.0000 
43,95,1.0000 
43,96,1.0000 
43,98,1.0000 
43,99,1.0000 
43,100,1.0000 
44,46,1.0000 
44,51,1.0000 
44,54,1.0000 
44,56,1.0000 
44,57,1.0000 
44,58,1.0000 
44,60,1.0000 
44,65,1.0000 
44,66,1.0000 
44,67,1.0000 
44,68,1.0000 
44,70,1.0000 
44,73,1.0000 
44,78,1.0000 
44,89,1.0000 
44,92,1.0000 
44,93,1.0000 
44,94,1.0000 
44,97,1.0000 
44,100,1.0000 
45,46,1.0000 
45,47,1.0000 
45,48,1.0000 
45,49,1.0000 
45,51,1.0000 
45,52,1.0000 
45,53,1.0000 
45,55,1.0000 
45,59,1.0000 
45,60,1.0000 
45,61,1.0000 
45,62,1.0000 
45,63,1.0000 
45,64,1.0000 
45,66,1.0000 
45,68,1.0000 
45,69,1.0000 
45,72,1.0000 
45,73,1.0000 
45,74,1.0000 
45,76,1.0000 
45,77,1.0000 
45,79,1.0000 
45,80,1.0000 
45,81,1.0000 
45,82,1.0000 
45,83,1.0000 
45,84,1.0000 
45,85,1.0000 
45,86,1.0000 
45,87,1.0000 
45,88,1.0000 
45,90,1.0000 
45,91,1.0000 
45,95,1.0000 
45,96,1.0000 
45,98,1.0000 
45,99,1.0000 
45,100,1.0000 
46,47,1.0000 
46,48,1.0000 
46,49,1.0000 
46,51,1.0000 
46,52,1.0000 
46,53,1.0000 
46,59,1.0000 
46,60,1.0000 
46,61,1.0000 
46,62,1.0000 
46,63,1.0000 
46,64,1.0000 
46,66,1.0000 
46,68,1.0000 
46,69,1.0000 
46,72,1.0000 
46,73,1.0000 
46,74,1.0000 
46,76,1.0000 
46,77,1.0000 
46,79,1.0000 
46,80,1.0000 
46,81,1.0000 
46,82,1.0000 
46,83,1.0000 
46,84,1.0000 
46,85,1.0000 
46,86,1.0000 
46,87,1.0000 
46,88,1.0000 
46,89,1.0000 
46,90,1.0000 
46,91,1.0000 
46,93,1.0000 
46,94,1.0000 
46,95,1.0000 
46,96,1.0000 
46,98,1.0000 
46,99,1.0000 
46,100,1.0000 
47,48,1.0000 
47,49,1.0000 
47,51,1.0000 
47,52,1.0000 
47,53,1.0000 
47,55,1.0000 
47,59,1.0000 
47,60,1.0000 
47,61,1.0000 
47,62,1.0000 
47,63,1.0000 
47,64,1.0000 
47,66,1.0000 
47,68,1.0000 
47,69,1.0000 
47,72,1.0000 
47,73,1.0000 
47,74,1.0000 
47,76,1.0000 
47,77,1.0000 
47,79,1.0000 
47,80,1.0000 
47,81,1.0000 
47,82,1.0000 
47,83,1.0000 
47,84,1.0000 
47,85,1.0000 
47,86,1.0000 
47,87,1.0000 
47,88,1.0000 
47,90,1.0000 
47,91,1.0000 
47,95,1.0000 
47,96,1.0000 
47,98,1.0000 
47,99,1.0000 
47,100,1.0000 
48,49,1.0000 
48,51,1.0000 
48,52,1.0000 
48,53,1.0000 
48,55,1.0000 
48,59,1.0000 
48,60,1.0000 
48,61,1.0000 
48,62,1.0000 
48,63,1.0000 
48,64,1.0000 
48,66,1.0000 
48,68,1.0000 
48,69,1.0000 
48,72,1.0000 
48,73,1.0000 
48,74,1.0000 
48,76,1.0000 
48,77,1.0000 
48,79,1.0000 
48,80,1.0000 
48,81,1.0000 
48,82,1.0000 
48,83,1.0000 
48,84,1.0000 
48,85,1.0000 
48,86,1.0000 
48,87,1.0000 
48,88,1.0000 
48,90,1.0000 
48,91,1.0000 
48,95,1.0000 
48,96,1.0000 
48,98,1.0000 
48,99,1.0000 
48,100,1.0000 
49,51,1.0000 
49,52,1.0000 
49,53,1.0000 
49,55,1.0000 
49,59,1.0000 
49,60,1.0000 
49,61,1.0000 
49,62,1.0000 
49,63,1.0000 
49,64,1.0000 
49,66,1.0000 
49,68,1.0000 
49,69,1.0000 
49,72,1.0000 
49,73,1.0000 
49,74,1.0000 
49,76,1.0000 
49,77,1.0000 
49,79,1.0000 
49,80,1.0000 
49,81,1.0000 
49,82,1.0000 
49,83,1.0000 
49,84,1.0000 
49,85,1.0000 
49,86,1.0000 
49,87,1.0000 
49,88,1.0000 
49,90,1.0000 
49,91,1.0000 
49,95,1.0000 
49,96,1.0000 
49,98,1.0000 
49,99,1.0000 
49,100,1.0000 
50,54,1.0000 
50,56,1.0000 
50,57,1.0000 
50,58,1.0000 
50,65,1.0000 
50,67,1.0000 
50,70,1.0000 
50,71,1.0000 
50,75,1.0000 
50,78,1.0000 
50,92,1.0000 
50,97,1.0000 
51,52,1.0000 
51,53,1.0000 
51,59,1.0000 
51,60,1.0000 
51,61,1.0000 
51,62,1.0000 
51,63,1.0000 
51,64,1.0000 
51,66,1.0000 
51,68,1.0000 
51,69,1.0000 
51,72,1.0000 
51,73,1.0000 
51,74,1.0000 
51,76,1.0000 
51,77,1.0000 
51,79,1.0000 
51,80,1.0000 
51,81,1.0000 
51,82,1.0000 
51,83,1.0000 
51,84,1.0000 
51,85,1.0000 
51,86,1.0000 
51,87,1.0000 
51,88,1.0000 
51,89,1.0000 
51,90,1.0000 
51,91,1.0000 
51,93,1.0000 
51,94,1.0000 
51,95,1.0000 
51,96,1.0000 
51,98,1.0000 
51,99,1.0000 
51,100,1.0000 
52,53,1.0000 
52,55,1.0000 
52,59,1.0000 
52,60,1.0000 
52,61,1.0000 
52,62,1.0000 
52,63,1.0000 
52,64,1.0000 
52,66,1.0000 
52,68,1.0000 
52,69,1.0000 
52,72,1.0000 
52,73,1.0000 
52,74,1.0000 
52,76,1.0000 
52,77,1.0000 
52,79,1.0000 
52,80,1.0000 
52,81,1.0000 
52,82,1.0000 
52,83,1.0000 
52,84,1.0000 
52,85,1.0000 
52,86,1.0000 
52,87,1.0000 
52,88,1.0000 
52,90,1.0000 
52,91,1.0000 
52,95,1.0000 
52,96,1.0000 
52,98,1.0000 
52,99,1.0000 
52,100,1.0000 
53,55,1.0000 
53,59,1.0000 
53,60,1.0000 
53,61,1.0000 
53,62,1.0000 
53,63,1.0000 
53,64,1.0000 
53,66,1.0000 
53,68,1.0000 
53,69,1.0000 
53,72,1.0000 
53,73,1.0000 
53,74,1.0000 
53,76,1.0000 
53,77,1.0000 
53,79,1.0000 
53,80,1.0000 
53,81,1.0000 
53,82,1.0000 
53,83,1.0000 
53,84,1.0000 
53,85,1.0000 
53,86,1.0000 
53,87,1.0000 
53,88,1.0000 
53,90,1.0000 
53,91,1.0000 
53,95,1.0000 
53,96,1.0000 
53,98,1.0000 
53,99,1.0000 
53,100,1.0000 
54,56,1.0000 
54,57,1.0000 
54,58,1.0000 
54,65,1.0000 
54,67,1.0000 
54,70,1.0000 
54,71,1.0000 
54,75,1.0000 
54,78,1.0000 
54,89,1.0000 
54,92,1.0000 
54,93,1.0000 
54,94,1.0000 
54,97,1.0000 
55,59,1.0000 
55,61,1.0000 
55,62,1.0000 
55,63,1.0000 
55,64,1.0000 
55,69,1.0000 
55,72,1.0000 
55,74,1.0000 
55,76,1.0000 
55,77,1.0000 
55,79,1.0000 
55,80,1.0000 
55,81,1.0000 
55,82,1.0000 
55,83,1.0000 
55,84,1.0000 
55,85,1.0000 
55,86,1.0000 
55,87,1.0000 
55,88,1.0000 
55,90,1.0000 
55,91,1.0000 
55,95,1.0000 
55,96,1.0000 
55,98,1.0000 
55,99,1.0000 
56,57,1.0000 
56,58,1.0000 
56,65,1.0000 
56,67,1.0000 
56,70,1.0000 
56,71,1.0000 
56,75,1.0000 
56,78,1.0000 
56,89,1.0000 
56,92,1.0000 
56,93,1.0000 
56,94,1.0000 
56,97,1.0000 
57,58,1.0000 
57,65,1.0000 
57,67,1.0000 
57,70,1.0000 
57,71,1.0000 
57,75,1.0000 
57,78,1.0000 
57,89,1.0000 
57,92,1.0000 
57,93,1.0000 
57,94,1.0000 
57,97,1.0000 
58,65,1.0000 
58,67,1.0000 
58,70,1.0000 
58,71,1.0000 
58,75,1.0000 
58,78,1.0000 
58,89,1.0000 
58,92,1.0000 
58,93,1.0000 
58,94,1.0000 
58,97,1.0000 
59,60,1.0000 
59,61,1.0000 
59,62,1.0000 
59,63,1.0000 
59,64,1.0000 
59,66,1.0000 
59,68,1.0000 
59,69,1.0000 
59,72,1.0000 
59,73,1.0000 
59,74,1.0000 
59,76,1.0000 
59,77,1.0000 
59,79,1.0000 
59,80,1.0000 
59,81,1.0000 
59,82,1.0000 
59,83,1.0000 
59,84,1.0000 
59,85,1.0000 
59,86,1.0000 
59,87,1.0000 
59,88,1.0000 
59,90,1.0000 
59,91,1.0000 
59,95,1.0000 
59,96,1.0000 
59,98,1.0000 
59,99,1.0000 
59,100,1.0000 
60,61,1.0000 
60,62,1.0000 
60,63,1.0000 
60,64,1.0000 
60,66,1.0000 
60,68,1.0000 
60,69,1.0000 
60,72,1.0000 
60,73,1.0000 
60,74,1.0000 
60,76,1.0000 
60,77,1.0000 
60,79,1.0000 
60,80,1.0000 
60,81,1.0000 
60,82,1.0000 
60,83,1.0000 
60,84,1.0000 
60,85,1.0000 
60,86,1.0000 
60,87,1.0000 
60,88,1.0000 
60,89,1.0000 
60,90,1.0000 
60,91,1.0000 
60,93,1.0000 
60,94,1.0000 
60,95,1.0000 
60,96,1.0000 
60,98,1.0000 
60,99,1.0000 
60,100,1.0000 
61,62,1.0000 
61,63,1.0000 
61,64,1.0000 
61,66,1.0000 
61,68,1.0000 
61,69,1.0000 
61,72,1.0000 
61,73,1.0000 
61,74,1.0000 
61,76,1.0000 
61,77,1.0000 
61,79,1.0000 
61,80,1.0000 
61,81,1.0000 
61,82,1.0000 
61,83,1.0000 
61,84,1.0000 
61,85,1.0000 
61,86,1.0000 
61,87,1.0000 
61,88,1.0000 
61,90,1.0000 
61,91,1.0000 
61,95,1.0000 
61,96,1.0000 
61,98,1.0000 
61,99,1.0000 
61,100,1.0000 
62,63,1.0000 
62,64,1.0000 
62,66,1.0000 
62,68,1.0000 
62,69,1.0000 
62,72,1.0000 
62,73,1.0000 
62,74,1.0000 
62,76,1.0000 
62,77,1.0000 
62,79,1.0000 
62,80,1.0000 
62,81,1.0000 
62,82,1.0000 
62,83,1.0000 
62,84,1.0000 
62,85,1.0000 
62,86,1.0000 
62,87,1.0000 
62,88,1.0000 
62,90,1.0000 
62,91,1.0000 
62,95,1.0000 
62,96,1.0000 
62,98,1.0000 
62,99,1.0000 
62,100,1.0000 
63,64,1.0000 
63,66,1.0000 
63,68,1.0000 
63,69,1.0000 
63,72,1.0000 
63,73,1.0000 
63,74,1.0000 
63,76,1.0000 
63,77,1.0000 
63,79,1.0000 
63,80,1.0000 
63,81,1.0000 
63,82,1.0000 
63,83,1.0000 
63,84,1.0000 
63,85,1.0000 
63,86,1.0000 
63,87,1.0000 
63,88,1.0000 
63,90,1.0000 
63,91,1.0000 
63,95,1.0000 
63,96,1.0000 
63,98,1.0000 
63,99,1.0000 
63,100,1.0000 
64,66,1.0000 
64,68,1.0000 
64,69,1.0000 
64,72,1.0000 
64,73,1.0000 
64,74,1.0000 
64,76,1.0000 
64,77,1.0000 
64,79,1.0000 
64,80,1.0000 
64,81,1.0000 
64,82,1.0000 
64,83,1.0000 
64,84,1.0000 
64,85,1.0000 
64,86,1.0000 
64,87,1.0000 
64,88,1.0000 
64,90,1.0000 
64,91,1.0000 
64,95,1.0000 
64,96,1.0000 
64,98,1.0000 
64,99,1.0000 
64,100,1.0000 
65,67,1.0000 
65,70,1.0000 
65,71,1.0000 
65,75,1.0000 
65,78,1.0000 
65,89,1.0000 
65,92,1.0000 
65,93,1.0000 
65,94,1.0000 
65,97,1.0000 
66,68,1.0000 
66,69,1.0000 
66,72,1.0000 
66,73,1.0000 
66,74,1.0000 
66,76,1.0000 
66,77,1.0000 
66,79,1.0000 
66,80,1.0000 
66,81,1.0000 
66,82,1.0000 
66,83,1.0000 
66,84,1.0000 
66,85,1.0000 
66,86,1.0000 
66,87,1.0000 
66,88,1.0000 
66,89,1.0000 
66,90,1.0000 
66,91,1.0000 
66,93,1.0000 
66,94,1.0000 
66,95,1.0000 
66,96,1.0000 
66,98,1.0000 
66,99,1.0000 
66,100,1.0000 
67,70,1.0000 
67,71,1.0000 
67,75,1.0000 
67,78,1.0000 
67,89,1.0000 
67,92,1.0000 
67,93,1.0000 
67,94,1.0000 
67,97,1.0000 
68,69,1.0000 
68,72,1.0000 
68,73,1.0000 
68,74,1.0000 
68,76,1.0000 
68,77,1.0000 
68,79,1.0000 
68,80,1.0000 
68,81,1.0000 
68,82,1.0000 
68,83,1.0000 
68,84,1.0000 
68,85,1.0000 
68,86,1.0000 
68,87,1.0000 
68,88,1.0000 
68,89,1.0000 
68,90,1.0000 
68,91,1.0000 
68,93,1.0000 
68,94,1.0000 
68,95,1.0000 
68,96,1.0000 
68,98,1.0000 
68,99,1.0000 
68,100,1.0000 
69,72,1.0000 
69,73,1.0000 
69,74,1.0000 
69,76,1.0000 
69,77,1.0000 
69,79,1.0000 
69,80,1.0000 
69,81,1.0000 
69,82,1.0000 
69,83,1.0000 
69,84,1.0000 
69,85,1.0000 
69,86,1.0000 
69,87,1.0000 
69,88,1.0000 
69,90,1.0000 
69,91,1.0000 
69,95,1.0000 
69,96,1.0000 
69,98,1.0000 
69,99,1.0000 
69,100,1.0000 
70,71,1.0000 
70,75,1.0000 
70,78,1.0000 
70,89,1.0000 
70,92,1.0000 
70,93,1.0000 
70,94,1.0000 
70,97,1.0000 
71,75,1.0000 
71,78,1.0000 
71,92,1.0000 
71,97,1.0000 
72,73,1.0000 
72,74,1.0000 
72,76,1.0000 
72,77,1.0000 
72,79,1.0000 
72,80,1.0000 
72,81,1.0000 
72,82,1.0000 
72,83,1.0000 
72,84,1.0000 
72,85,1.0000 
72,86,1.0000 
72,87,1.0000 
72,88,1.0000 
72,90,1.0000 
72,91,1.0000 
72,95,1.0000 
72,96,1.0000 
72,98,1.0000 
72,99,1.0000 
72,100,1.0000 
73,74,1.0000 
73,76,1.0000 
73,77,1.0000 
73,79,1.0000 
73,80,1.0000 
73,81,1.0000 
73,82,1.0000 
73,83,1.0000 
73,84,1.0000 
73,85,1.0000 
73,86,1.0000 
73,87,1.0000 
73,88,1.0000 
73,89,1.0000 
73,90,1.0000 
73,91,1.0000 
73,93,1.0000 
73,94,1.0000 
73,95,1.0000 
73,96,1.0000 
73,98,1.0000 
73,99,1.0000 
73,100,1.0000 
74,76,1.0000 
74,77,1.0000 
74,79,1.0000 
74,80,1.0000 
74,81,1.0000 
74,82,1.0000 
74,83,1.0000 
74,84,1.0000 
74,85,1.0000 
74,86,1.0000 
74,87,1.0000 
74,88,1.0000 
74,90,1.0000 
74,91,1.0000 
74,95,1.0000 
74,96,1.0000 
74,98,1.0000 
74,99,1.0000 
74,100,1.0000 
75,78,1.0000 
75,92,1.0000 
75,97,1.0000 
76,77,1.0000 
76,79,1.0000 
76,80,1.0000 
76,81,1.0000 
76,82,1.0000 
76,83,1.0000 
76,84,1.0000 
76,85,1.0000 
76,86,1.0000 
76,87,1.0000 
76,88,1.0000 
76,90,1.0000 
76,91,1.0000 
76,95,1.0000 
76,96,1.0000 
76,98,1.0000 
76,99,1.0000 
76,100,1.0000 
77,79,1.0000 
77,80,1.0000 
77,81,1.0000 
77,82,1.0000 
77,83,1.0000 
77,84,1.0000 
77,85,1.0000 
77,86,1.0000 
77,87,1.0000 
77,88,1.0000 
77,90,1.0000 
77,91,1.0000 
77,95,1.0000 
77,96,1.0000 
77,98,1.0000 
77,99,1.0000 
77,100,1.0000 
78,89,1.0000 
78,92,1.0000 
78,93,1.0000 
78,94,1.0000 
78,97,1.0000 
79,80,1.0000 
79,81,1.0000 
79,82,1.0000 
79,83,1.0000 
79,84,1.0000 
79,85,1.0000 
79,86,1.0000 
79,87,1.0000 
79,88,1.0000 
79,90,1.0000 
79,91,1.0000 
79,95,1.0000 
79,96,1.0000 
79,98,1.0000 
79,99,1.0000 
79,100,1.0000 
80,81,1.0000 
80,82,1.0000 
80,83,1.0000 
80,84,1.0000 
80,85,1.0000 
80,86,1.0000 
80,87,1.0000 
80,88,1.0000 
80,90,1.0000 
80,91,1.0000 
80,95,1.0000 
80,96,1.0000 
80,98,1.0000 
80,99,1.0000 
80,100,1.0000 
81,82,1.0000 
81,83,1.0000 
81,84,1.0000 
81,85,1.0000 
81,86,1.0000 
81,87,1.0000 
81,88,1.0000 
81,90,1.0000 
81,91,1.0000 
81,95,1.0000 
81,96,1.0000 
81,98,1.0000 
81,99,1.0000 
81,100,1.0000 
82,83,1.0000 
82,84,1.0000 
82,85,1.0000 
82,86,1.0000 
82,87,1.0000 
82,88,1.0000 
82,90,1.0000 
82,91,1.0000 
82,95,1.0000 
82,96,1.0000 
82,98,1.0000 
82,99,1.0000 
82,100,1.0000 
83,84,1.0000 
83,85,1.0000 
83,86,1.0000 
83,87,1.0000 
83,88,1.0000 
83,90,1.0000 
83,91,1.0000 
83,95,1.0000 
83,96,1.0000 
83,98,1.0000 
83,99,1.0000 
83,100,1.0000 
84,85,1.0000 
84,86,1.0000 
84,87,1.0000 
84,88,1.0000 
84,90,1.0000 
84,91,1.0000 
84,95,1.0000 
84,96,1.0000 
84,98,1.0000 
84,99,1.0000 
84,100,1.0000 
85,86,1.0000 
85,87,1.0000 
85,88,1.0000 
85,90,1.0000 
85,91,1.0000 
85,95,1.0000 
85,96,1.0000 
85,98,1.0000 
85,99,1.0000 
85,100,1.0000 
86,87,1.0000 
86,88,1.0000 
86,90,1.0000 
86,91,1.0000 
86,95,1.0000 
86,96,1.0000 
86,98,1.0000 
86,99,1.0000 
86,100,1.0000 
87,88,1.0000 
87,90,1.0000 
87,91,1.0000 
87,95,1.0000 
87,96,1.0000 
87,98,1.0000 
87,99,1.0000 
87,100,1.0000 
88,90,1.0000 
88,91,1.0000 
88,95,1.0000 
88,96,1.0000 
88,98,1.0000 
88,99,1.0000 
88,100,1.0000 
89,92,1.0000 
89,93,1.0000 
89,94,1.0000 
89,97,1.0000 
89,100,1.0000 
90,91,1.0000 
90,95,1.0000 
90,96,1.0000 
90,98,1.0000 
90,99,1.0000 
90,100,1.0000 
91,95,1.0000 
91,96,1.0000 
91,98,1.0000 
91,99,1.0000 
91,100,1.0000 
92,93,1.0000 
92,94,1.0000 
92,97,1.0000 
93,94,1.0000 
93,97,1.0000 
93,100,1.0000 
94,97,1.0000 
94,100,1.0000 
95,96,1.0000 
95,98,1.0000 
95,99,1.0000 
95,100,1.0000 
96,98,1.0000 
96,99,1.0000 
96,100,1.0000 
98,99,1.0000 
98,100,1.0000 
99,100,1.0000 
