Layer 1
100
4924
771
842
845
866
870
894
898
899
900
901
902
903
904
905
906
907
908
909
910
912
913
914
915
916
917
918
919
920
921
922
923
924
925
926
928
929
930
931
932
933
934
935
936
937
938
939
940
941
942
943
944
945
946
947
948
949
950
951
952
953
954
955
956
957
958
959
960
961
962
963
964
965
966
967
968
969
970
971
972
974
975
976
977
978
979
980
981
982
983
984
985
986
987
988
989
990
991
992
993
994
771,842,1.0000 
771,845,1.0000 
771,866,1.0000 
771,870,1.0000 
771,894,1.0000 
771,898,1.0000 
771,899,1.0000 
771,900,1.0000 
771,901,1.0000 
771,902,1.0000 
771,903,1.0000 
771,904,1.0000 
771,905,1.0000 
771,906,1.0000 
771,907,1.0000 
771,908,1.0000 
771,910,1.0000 
771,912,1.0000 
771,913,1.0000 
771,914,1.0000 
771,915,1.0000 
771,916,1.0000 
771,917,1.0000 
771,918,1.0000 
771,919,1.0000 
771,920,1.0000 
771,921,1.0000 
771,922,1.0000 
771,923,1.0000 
771,924,1.0000 
771,925,1.0000 
771,926,1.0000 
771,928,1.0000 
771,929,1.0000 
771,930,1.0000 
771,931,1.0000 
771,932,1.0000 
771,933,1.0000 
771,934,1.0000 
771,935,1.0000 
771,936,1.0000 
771,937,1.0000 
771,938,1.0000 
771,939,1.0000 
771,940,1.0000 
771,941,1.0000 
771,942,1.0000 
771,943,1.0000 
771,944,1.0000 
771,945,1.0000 
771,946,1.0000 
771,947,1.0000 
771,948,1.0000 
771,949,1.0000 
771,950,1.0000 
771,951,1.0000 
771,952,1.0000 
771,953,1.0000 
771,954,1.0000 
771,955,1.0000 
771,956,1.0000 
771,957,1.0000 
771,958,1.0000 
771,959,1.0000 
771,960,1.0000 
771,961,1.0000 
771,962,1.0000 
771,963,1.0000 
771,964,1.0000 
771,965,1.0000 
771,966,1.0000 
771,967,1.0000 
771,968,1.0000 
771,969,1.0000 
771,970,1.0000 
771,971,1.0000 
771,972,1.0000 
771,974,1.0000 
771,975,1.0000 
771,976,1.0000 
771,977,1.0000 
771,978,1.0000 
771,979,1.0000 
771,980,1.0000 
771,981,1.0000 
771,982,1.0000 
771,983,1.0000 
771,984,1.0000 
771,985,1.0000 
771,986,1.0000 
771,987,1.0000 
771,988,1.0000 
771,989,1.0000 
771,990,1.0000 
771,991,1.0000 
771,992,1.0000 
771,993,1.0000 
771,994,1.0000 
842,845,1.0000 
842,866,1.0000 
842,870,1.0000 
842,894,1.0000 
842,898,1.0000 
842,899,1.0000 
842,900,1.0000 
842,901,1.0000 
842,902,1.0000 
842,903,1.0000 
842,904,1.0000 
842,905,1.0000 
842,906,1.0000 
842,907,1.0000 
842,908,1.0000 
842,909,1.0000 
842,910,1.0000 
842,912,1.0000 
842,913,1.0000 
842,914,1.0000 
842,915,1.0000 
842,916,1.0000 
842,917,1.0000 
842,918,1.0000 
842,919,1.0000 
842,920,1.0000 
842,921,1.0000 
842,922,1.0000 
842,923,1.0000 
842,924,1.0000 
842,925,1.0000 
842,926,1.0000 
842,928,1.0000 
842,929,1.0000 
842,930,1.0000 
842,931,1.0000 
842,932,1.0000 
842,933,1.0000 
842,934,1.0000 
842,935,1.0000 
842,936,1.0000 
842,937,1.0000 
842,938,1.0000 
842,939,1.0000 
842,940,1.0000 
842,941,1.0000 
842,942,1.0000 
842,943,1.0000 
842,944,1.0000 
842,945,1.0000 
842,946,1.0000 
842,947,1.0000 
842,948,1.0000 
842,949,1.0000 
842,950,1.0000 
842,951,1.0000 
842,952,1.0000 
842,953,1.0000 
842,954,1.0000 
842,955,1.0000 
842,956,1.0000 
842,957,1.0000 
842,958,1.0000 
842,959,1.0000 
842,960,1.0000 
842,961,1.0000 
842,962,1.0000 
842,963,1.0000 
842,964,1.0000 
842,965,1.0000 
842,966,1.0000 
842,967,1.0000 
842,968,1.0000 
842,969,1.0000 
842,970,1.0000 
842,971,1.0000 
842,972,1.0000 
842,974,1.0000 
842,975,1.0000 
842,976,1.0000 
842,977,1.0000 
842,978,1.0000 
842,979,1.0000 
842,980,1.0000 
842,981,1.0000 
842,982,1.0000 
842,983,1.0000 
842,984,1.0000 
842,985,1.0000 
842,986,1.0000 
842,987,1.0000 
842,988,1.0000 
842,989,1.0000 
842,990,1.0000 
842,991,1.0000 
842,992,1.0000 
842,993,1.0000 
842,994,1.0000 
845,866,1.0000 
845,870,1.0000 
845,894,1.0000 
845,898,1.0000 
845,899,1.0000 
845,900,1.0000 
845,901,1.0000 
845,902,1.0000 
845,903,1.0000 
845,904,1.0000 
845,905,1.0000 
845,906,1.0000 
845,907,1.0000 
845,908,1.0000 
845,909,1.0000 
845,910,1.0000 
845,912,1.0000 
845,913,1.0000 
845,914,1.0000 
845,915,1.0000 
845,916,1.0000 
845,917,1.0000 
845,918,1.0000 
845,919,1.0000 
845,920,1.0000 
845,921,1.0000 
845,922,1.0000 
845,923,1.0000 
845,924,1.0000 
845,925,1.0000 
845,926,1.0000 
845,928,1.0000 
845,929,1.0000 
845,930,1.0000 
845,931,1.0000 
845,932,1.0000 
845,933,1.0000 
845,934,1.0000 
845,935,1.0000 
845,936,1.0000 
845,937,1.0000 
845,938,1.0000 
845,939,1.0000 
845,940,1.0000 
845,941,1.0000 
845,942,1.0000 
845,943,1.0000 
845,944,1.0000 
845,945,1.0000 
845,946,1.0000 
845,947,1.0000 
845,948,1.0000 
845,949,1.0000 
845,950,1.0000 
845,951,1.0000 
845,952,1.0000 
845,953,1.0000 
845,954,1.0000 
845,955,1.0000 
845,956,1.0000 
845,957,1.0000 
845,958,1.0000 
845,959,1.0000 
845,960,1.0000 
845,961,1.0000 
845,962,1.0000 
845,963,1.0000 
845,964,1.0000 
845,965,1.0000 
845,966,1.0000 
845,967,1.0000 
845,968,1.0000 
845,969,1.0000 
845,970,1.0000 
845,971,1.0000 
845,972,1.0000 
845,974,1.0000 
845,975,1.0000 
845,976,1.0000 
845,977,1.0000 
845,978,1.0000 
845,979,1.0000 
845,980,1.0000 
845,981,1.0000 
845,982,1.0000 
845,983,1.0000 
845,984,1.0000 
845,985,1.0000 
845,986,1.0000 
845,987,1.0000 
845,988,1.0000 
845,989,1.0000 
845,990,1.0000 
845,991,1.0000 
845,992,1.0000 
845,993,1.0000 
866,870,1.0000 
866,894,1.0000 
866,898,1.0000 
866,899,1.0000 
866,900,1.0000 
866,901,1.0000 
866,902,1.0000 
866,903,1.0000 
866,904,1.0000 
866,905,1.0000 
866,906,1.0000 
866,907,1.0000 
866,908,1.0000 
866,909,1.0000 
866,910,1.0000 
866,912,1.0000 
866,913,1.0000 
866,914,1.0000 
866,915,1.0000 
866,916,1.0000 
866,917,1.0000 
866,918,1.0000 
866,919,1.0000 
866,920,1.0000 
866,921,1.0000 
866,922,1.0000 
866,923,1.0000 
866,924,1.0000 
866,925,1.0000 
866,926,1.0000 
866,928,1.0000 
866,929,1.0000 
866,930,1.0000 
866,931,1.0000 
866,932,1.0000 
866,933,1.0000 
866,934,1.0000 
866,935,1.0000 
866,936,1.0000 
866,937,1.0000 
866,938,1.0000 
866,939,1.0000 
866,940,1.0000 
866,941,1.0000 
866,942,1.0000 
866,943,1.0000 
866,944,1.0000 
866,945,1.0000 
866,946,1.0000 
866,947,1.0000 
866,948,1.0000 
866,949,1.0000 
866,950,1.0000 
866,951,1.0000 
866,952,1.0000 
866,953,1.0000 
866,954,1.0000 
866,955,1.0000 
866,956,1.0000 
866,957,1.0000 
866,958,1.0000 
866,959,1.0000 
866,960,1.0000 
866,961,1.0000 
866,962,1.0000 
866,963,1.0000 
866,964,1.0000 
866,965,1.0000 
866,966,1.0000 
866,967,1.0000 
866,968,1.0000 
866,969,1.0000 
866,970,1.0000 
866,971,1.0000 
866,972,1.0000 
866,974,1.0000 
866,975,1.0000 
866,976,1.0000 
866,977,1.0000 
866,978,1.0000 
866,979,1.0000 
866,980,1.0000 
866,981,1.0000 
866,982,1.0000 
866,983,1.0000 
866,984,1.0000 
866,985,1.0000 
866,986,1.0000 
866,987,1.0000 
866,988,1.0000 
866,989,1.0000 
866,990,1.0000 
866,991,1.0000 
866,992,1.0000 
866,993,1.0000 
866,994,1.0000 
870,894,1.0000 
870,898,1.0000 
870,899,1.0000 
870,900,1.0000 
870,901,1.0000 
870,902,1.0000 
870,903,1.0000 
870,904,1.0000 
870,905,1.0000 
870,906,1.0000 
870,907,1.0000 
870,908,1.0000 
870,909,1.0000 
870,910,1.0000 
870,912,1.0000 
870,913,1.0000 
870,914,1.0000 
870,915,1.0000 
870,916,1.0000 
870,917,1.0000 
870,918,1.0000 
870,919,1.0000 
870,920,1.0000 
870,921,1.0000 
870,922,1.0000 
870,923,1.0000 
870,924,1.0000 
870,925,1.0000 
870,926,1.0000 
870,928,1.0000 
870,929,1.0000 
870,930,1.0000 
870,931,1.0000 
870,932,1.0000 
870,933,1.0000 
870,934,1.0000 
870,935,1.0000 
870,936,1.0000 
870,937,1.0000 
870,938,1.0000 
870,939,1.0000 
870,940,1.0000 
870,941,1.0000 
870,942,1.0000 
870,943,1.0000 
870,944,1.0000 
870,945,1.0000 
870,946,1.0000 
870,947,1.0000 
870,948,1.0000 
870,949,1.0000 
870,950,1.0000 
870,951,1.0000 
870,952,1.0000 
870,953,1.0000 
870,954,1.0000 
870,955,1.0000 
870,956,1.0000 
870,957,1.0000 
870,958,1.0000 
870,959,1.0000 
870,960,1.0000 
870,961,1.0000 
870,962,1.0000 
870,963,1.0000 
870,964,1.0000 
870,965,1.0000 
870,966,1.0000 
870,967,1.0000 
870,968,1.0000 
870,969,1.0000 
870,970,1.0000 
870,971,1.0000 
870,972,1.0000 
870,974,1.0000 
870,975,1.0000 
870,976,1.0000 
870,977,1.0000 
870,978,1.0000 
870,979,1.0000 
870,980,1.0000 
870,981,1.0000 
870,982,1.0000 
870,983,1.0000 
870,984,1.0000 
870,985,1.0000 
870,986,1.0000 
870,987,1.0000 
870,988,1.0000 
870,989,1.0000 
870,990,1.0000 
870,991,1.0000 
870,992,1.0000 
870,993,1.0000 
870,994,1.0000 
894,898,1.0000 
894,899,1.0000 
894,900,1.0000 
894,901,1.0000 
894,902,1.0000 
894,903,1.0000 
894,904,1.0000 
894,905,1.0000 
894,906,1.0000 
894,907,1.0000 
894,908,1.0000 
894,909,1.0000 
894,910,1.0000 
894,912,1.0000 
894,913,1.0000 
894,914,1.0000 
894,915,1.0000 
894,916,1.0000 
894,917,1.0000 
894,918,1.0000 
894,919,1.0000 
894,920,1.0000 
894,921,1.0000 
894,922,1.0000 
894,923,1.0000 
894,924,1.0000 
894,925,1.0000 
894,926,1.0000 
894,928,1.0000 
894,929,1.0000 
894,930,1.0000 
894,931,1.0000 
894,932,1.0000 
894,933,1.0000 
894,934,1.0000 
894,935,1.0000 
894,936,1.0000 
894,937,1.0000 
894,938,1.0000 
894,939,1.0000 
894,940,1.0000 
894,941,1.0000 
894,942,1.0000 
894,943,1.0000 
894,944,1.0000 
894,945,1.0000 
894,946,1.0000 
894,947,1.0000 
894,948,1.0000 
894,949,1.0000 
894,950,1.0000 
894,951,1.0000 
894,952,1.0000 
894,953,1.0000 
894,954,1.0000 
894,955,1.0000 
894,956,1.0000 
894,957,1.0000 
894,958,1.0000 
894,959,1.0000 
894,962,1.0000 
894,963,1.0000 
894,964,1.0000 
894,965,1.0000 
894,966,1.0000 
894,967,1.0000 
894,968,1.0000 
894,969,1.0000 
894,970,1.0000 
894,971,1.0000 
894,972,1.0000 
894,974,1.0000 
894,975,1.0000 
894,976,1.0000 
894,977,1.0000 
894,978,1.0000 
894,979,1.0000 
894,980,1.0000 
894,981,1.0000 
894,982,1.0000 
894,983,1.0000 
894,984,1.0000 
894,985,1.0000 
894,986,1.0000 
894,987,1.0000 
894,988,1.0000 
894,989,1.0000 
894,990,1.0000 
894,991,1.0000 
894,992,1.0000 
894,993,1.0000 
894,994,1.0000 
898,899,1.0000 
898,900,1.0000 
898,901,1.0000 
898,902,1.0000 
898,903,1.0000 
898,904,1.0000 
898,905,1.0000 
898,906,1.0000 
898,907,1.0000 
898,908,1.0000 
898,909,1.0000 
898,910,1.0000 
898,912,1.0000 
898,913,1.0000 
898,914,1.0000 
898,915,1.0000 
898,916,1.0000 
898,917,1.0000 
898,918,1.0000 
898,919,1.0000 
898,920,1.0000 
898,921,1.0000 
898,922,1.0000 
898,923,1.0000 
898,924,1.0000 
898,925,1.0000 
898,926,1.0000 
898,928,1.0000 
898,929,1.0000 
898,930,1.0000 
898,931,1.0000 
898,932,1.0000 
898,933,1.0000 
898,934,1.0000 
898,935,1.0000 
898,936,1.0000 
898,937,1.0000 
898,938,1.0000 
898,939,1.0000 
898,940,1.0000 
898,941,1.0000 
898,942,1.0000 
898,943,1.0000 
898,944,1.0000 
898,945,1.0000 
898,946,1.0000 
898,947,1.0000 
898,948,1.0000 
898,949,1.0000 
898,950,1.0000 
898,951,1.0000 
898,952,1.0000 
898,953,1.0000 
898,954,1.0000 
898,955,1.0000 
898,956,1.0000 
898,957,1.0000 
898,958,1.0000 
898,959,1.0000 
898,960,1.0000 
898,961,1.0000 
898,962,1.0000 
898,963,1.0000 
898,964,1.0000 
898,965,1.0000 
898,966,1.0000 
898,967,1.0000 
898,968,1.0000 
898,969,1.0000 
898,970,1.0000 
898,971,1.0000 
898,972,1.0000 
898,974,1.0000 
898,975,1.0000 
898,976,1.0000 
898,977,1.0000 
898,978,1.0000 
898,979,1.0000 
898,980,1.0000 
898,981,1.0000 
898,982,1.0000 
898,983,1.0000 
898,984,1.0000 
898,985,1.0000 
898,986,1.0000 
898,987,1.0000 
898,988,1.0000 
898,989,1.0000 
898,990,1.0000 
898,991,1.0000 
898,992,1.0000 
898,993,1.0000 
898,994,1.0000 
899,900,1.0000 
899,901,1.0000 
899,902,1.0000 
899,903,1.0000 
899,904,1.0000 
899,905,1.0000 
899,906,1.0000 
899,907,1.0000 
899,908,1.0000 
899,909,1.0000 
899,910,1.0000 
899,912,1.0000 
899,913,1.0000 
899,914,1.0000 
899,915,1.0000 
899,916,1.0000 
899,917,1.0000 
899,918,1.0000 
899,919,1.0000 
899,920,1.0000 
899,921,1.0000 
899,922,1.0000 
899,923,1.0000 
899,924,1.0000 
899,925,1.0000 
899,926,1.0000 
899,928,1.0000 
899,929,1.0000 
899,930,1.0000 
899,931,1.0000 
899,932,1.0000 
899,933,1.0000 
899,934,1.0000 
899,935,1.0000 
899,936,1.0000 
899,937,1.0000 
899,938,1.0000 
899,939,1.0000 
899,940,1.0000 
899,941,1.0000 
899,942,1.0000 
899,943,1.0000 
899,944,1.0000 
899,945,1.0000 
899,946,1.0000 
899,947,1.0000 
899,948,1.0000 
899,949,1.0000 
899,950,1.0000 
899,951,1.0000 
899,952,1.0000 
899,953,1.0000 
899,954,1.0000 
899,955,1.0000 
899,956,1.0000 
899,957,1.0000 
899,958,1.0000 
899,959,1.0000 
899,960,1.0000 
899,961,1.0000 
899,962,1.0000 
899,963,1.0000 
899,964,1.0000 
899,965,1.0000 
899,966,1.0000 
899,967,1.0000 
899,968,1.0000 
899,969,1.0000 
899,970,1.0000 
899,971,1.0000 
899,972,1.0000 
899,974,1.0000 
899,975,1.0000 
899,976,1.0000 
899,977,1.0000 
899,978,1.0000 
899,979,1.0000 
899,980,1.0000 
899,981,1.0000 
899,982,1.0000 
899,983,1.0000 
899,984,1.0000 
899,985,1.0000 
899,986,1.0000 
899,987,1.0000 
899,988,1.0000 
899,989,1.0000 
899,990,1.0000 
899,991,1.0000 
899,992,1.0000 
899,993,1.0000 
899,994,1.0000 
900,901,1.0000 
900,902,1.0000 
900,903,1.0000 
900,904,1.0000 
900,905,1.0000 
900,906,1.0000 
900,907,1.0000 
900,908,1.0000 
900,909,1.0000 
900,910,1.0000 
900,912,1.0000 
900,913,1.0000 
900,914,1.0000 
900,915,1.0000 
900,916,1.0000 
900,917,1.0000 
900,918,1.0000 
900,919,1.0000 
900,920,1.0000 
900,921,1.0000 
900,922,1.0000 
900,923,1.0000 
900,924,1.0000 
900,925,1.0000 
900,926,1.0000 
900,928,1.0000 
900,929,1.0000 
900,930,1.0000 
900,931,1.0000 
900,932,1.0000 
900,933,1.0000 
900,934,1.0000 
900,935,1.0000 
900,936,1.0000 
900,937,1.0000 
900,938,1.0000 
900,939,1.0000 
900,940,1.0000 
900,941,1.0000 
900,942,1.0000 
900,943,1.0000 
900,944,1.0000 
900,945,1.0000 
900,946,1.0000 
900,947,1.0000 
900,948,1.0000 
900,949,1.0000 
900,950,1.0000 
900,951,1.0000 
900,952,1.0000 
900,953,1.0000 
900,954,1.0000 
900,955,1.0000 
900,956,1.0000 
900,957,1.0000 
900,958,1.0000 
900,959,1.0000 
900,960,1.0000 
900,961,1.0000 
900,962,1.0000 
900,963,1.0000 
900,964,1.0000 
900,965,1.0000 
900,966,1.0000 
900,967,1.0000 
900,968,1.0000 
900,969,1.0000 
900,970,1.0000 
900,971,1.0000 
900,972,1.0000 
900,974,1.0000 
900,975,1.0000 
900,976,1.0000 
900,977,1.0000 
900,978,1.0000 
900,979,1.0000 
900,980,1.0000 
900,981,1.0000 
900,982,1.0000 
900,983,1.0000 
900,984,1.0000 
900,985,1.0000 
900,986,1.0000 
900,987,1.0000 
900,988,1.0000 
900,989,1.0000 
900,990,1.0000 
900,991,1.0000 
900,992,1.0000 
900,993,1.0000 
900,994,1.0000 
901,902,1.0000 
901,903,1.0000 
901,904,1.0000 
901,905,1.0000 
901,906,1.0000 
901,907,1.0000 
901,908,1.0000 
901,909,1.0000 
901,910,1.0000 
901,912,1.0000 
901,913,1.0000 
901,914,1.0000 
901,915,1.0000 
901,916,1.0000 
901,917,1.0000 
901,918,1.0000 
901,919,1.0000 
901,920,1.0000 
901,921,1.0000 
901,922,1.0000 
901,923,1.0000 
901,924,1.0000 
901,925,1.0000 
901,926,1.0000 
901,928,1.0000 
901,929,1.0000 
901,930,1.0000 
901,931,1.0000 
901,932,1.0000 
901,933,1.0000 
901,934,1.0000 
901,935,1.0000 
901,936,1.0000 
901,937,1.0000 
901,938,1.0000 
901,939,1.0000 
901,940,1.0000 
901,941,1.0000 
901,942,1.0000 
901,943,1.0000 
901,944,1.0000 
901,945,1.0000 
901,946,1.0000 
901,947,1.0000 
901,948,1.0000 
901,949,1.0000 
901,950,1.0000 
901,951,1.0000 
901,952,1.0000 
901,953,1.0000 
901,954,1.0000 
901,955,1.0000 
901,956,1.0000 
901,957,1.0000 
901,958,1.0000 
901,959,1.0000 
901,960,1.0000 
901,961,1.0000 
901,962,1.0000 
901,963,1.0000 
901,964,1.0000 
901,965,1.0000 
901,966,1.0000 
901,967,1.0000 
901,968,1.0000 
901,969,1.0000 
901,970,1.0000 
901,971,1.0000 
901,972,1.0000 
901,974,1.0000 
901,975,1.0000 
901,976,1.0000 
901,977,1.0000 
901,978,1.0000 
901,979,1.0000 
901,980,1.0000 
901,981,1.0000 
901,982,1.0000 
901,983,1.0000 
901,984,1.0000 
901,985,1.0000 
901,986,1.0000 
901,987,1.0000 
901,988,1.0000 
901,989,1.0000 
901,990,1.0000 
901,991,1.0000 
901,992,1.0000 
901,993,1.0000 
901,994,1.0000 
902,903,1.0000 
902,904,1.0000 
902,905,1.0000 
902,906,1.0000 
902,907,1.0000 
902,908,1.0000 
902,909,1.0000 
902,910,1.0000 
902,912,1.0000 
902,913,1.0000 
902,914,1.0000 
902,915,1.0000 
902,916,1.0000 
902,917,1.0000 
902,918,1.0000 
902,919,1.0000 
902,920,1.0000 
902,921,1.0000 
902,922,1.0000 
902,923,1.0000 
902,924,1.0000 
902,925,1.0000 
902,926,1.0000 
902,928,1.0000 
902,929,1.0000 
902,930,1.0000 
902,931,1.0000 
902,932,1.0000 
902,933,1.0000 
902,934,1.0000 
902,936,1.0000 
902,937,1.0000 
902,938,1.0000 
902,939,1.0000 
902,940,1.0000 
902,941,1.0000 
902,942,1.0000 
902,943,1.0000 
902,944,1.0000 
902,945,1.0000 
902,946,1.0000 
902,947,1.0000 
902,948,1.0000 
902,949,1.0000 
902,950,1.0000 
902,951,1.0000 
902,952,1.0000 
902,953,1.0000 
902,954,1.0000 
902,955,1.0000 
902,956,1.0000 
902,957,1.0000 
902,958,1.0000 
902,960,1.0000 
902,961,1.0000 
902,962,1.0000 
902,963,1.0000 
902,964,1.0000 
902,965,1.0000 
902,966,1.0000 
902,967,1.0000 
902,968,1.0000 
902,969,1.0000 
902,970,1.0000 
902,971,1.0000 
902,972,1.0000 
902,974,1.0000 
902,975,1.0000 
902,976,1.0000 
902,977,1.0000 
902,978,1.0000 
902,979,1.0000 
902,980,1.0000 
902,981,1.0000 
902,982,1.0000 
902,983,1.0000 
902,984,1.0000 
902,985,1.0000 
902,986,1.0000 
902,987,1.0000 
902,988,1.0000 
902,989,1.0000 
902,990,1.0000 
902,991,1.0000 
902,992,1.0000 
902,993,1.0000 
902,994,1.0000 
903,904,1.0000 
903,905,1.0000 
903,906,1.0000 
903,907,1.0000 
903,908,1.0000 
903,909,1.0000 
903,910,1.0000 
903,912,1.0000 
903,913,1.0000 
903,914,1.0000 
903,915,1.0000 
903,916,1.0000 
903,917,1.0000 
903,918,1.0000 
903,919,1.0000 
903,920,1.0000 
903,921,1.0000 
903,922,1.0000 
903,923,1.0000 
903,924,1.0000 
903,925,1.0000 
903,926,1.0000 
903,928,1.0000 
903,929,1.0000 
903,930,1.0000 
903,931,1.0000 
903,932,1.0000 
903,933,1.0000 
903,934,1.0000 
903,935,1.0000 
903,936,1.0000 
903,937,1.0000 
903,938,1.0000 
903,939,1.0000 
903,940,1.0000 
903,941,1.0000 
903,942,1.0000 
903,943,1.0000 
903,944,1.0000 
903,945,1.0000 
903,946,1.0000 
903,947,1.0000 
903,948,1.0000 
903,949,1.0000 
903,950,1.0000 
903,951,1.0000 
903,952,1.0000 
903,953,1.0000 
903,954,1.0000 
903,955,1.0000 
903,956,1.0000 
903,957,1.0000 
903,958,1.0000 
903,959,1.0000 
903,960,1.0000 
903,961,1.0000 
903,962,1.0000 
903,963,1.0000 
903,964,1.0000 
903,965,1.0000 
903,966,1.0000 
903,967,1.0000 
903,968,1.0000 
903,969,1.0000 
903,970,1.0000 
903,971,1.0000 
903,972,1.0000 
903,974,1.0000 
903,975,1.0000 
903,976,1.0000 
903,977,1.0000 
903,978,1.0000 
903,979,1.0000 
903,980,1.0000 
903,981,1.0000 
903,982,1.0000 
903,983,1.0000 
903,984,1.0000 
903,985,1.0000 
903,986,1.0000 
903,987,1.0000 
903,988,1.0000 
903,989,1.0000 
903,990,1.0000 
903,991,1.0000 
903,992,1.0000 
903,993,1.0000 
903,994,1.0000 
904,905,1.0000 
904,906,1.0000 
904,907,1.0000 
904,908,1.0000 
904,909,1.0000 
904,910,1.0000 
904,912,1.0000 
904,913,1.0000 
904,914,1.0000 
904,915,1.0000 
904,916,1.0000 
904,917,1.0000 
904,918,1.0000 
904,919,1.0000 
904,920,1.0000 
904,921,1.0000 
904,922,1.0000 
904,923,1.0000 
904,924,1.0000 
904,925,1.0000 
904,926,1.0000 
904,928,1.0000 
904,929,1.0000 
904,930,1.0000 
904,931,1.0000 
904,932,1.0000 
904,933,1.0000 
904,934,1.0000 
904,935,1.0000 
904,936,1.0000 
904,937,1.0000 
904,938,1.0000 
904,939,1.0000 
904,940,1.0000 
904,941,1.0000 
904,942,1.0000 
904,943,1.0000 
904,944,1.0000 
904,945,1.0000 
904,946,1.0000 
904,947,1.0000 
904,948,1.0000 
904,949,1.0000 
904,950,1.0000 
904,951,1.0000 
904,952,1.0000 
904,953,1.0000 
904,954,1.0000 
904,955,1.0000 
904,956,1.0000 
904,957,1.0000 
904,958,1.0000 
904,959,1.0000 
904,960,1.0000 
904,961,1.0000 
904,962,1.0000 
904,963,1.0000 
904,964,1.0000 
904,965,1.0000 
904,966,1.0000 
904,967,1.0000 
904,968,1.0000 
904,969,1.0000 
904,970,1.0000 
904,971,1.0000 
904,972,1.0000 
904,974,1.0000 
904,975,1.0000 
904,976,1.0000 
904,977,1.0000 
904,978,1.0000 
904,979,1.0000 
904,980,1.0000 
904,981,1.0000 
904,982,1.0000 
904,983,1.0000 
904,984,1.0000 
904,985,1.0000 
904,986,1.0000 
904,987,1.0000 
904,988,1.0000 
904,989,1.0000 
904,990,1.0000 
904,991,1.0000 
904,992,1.0000 
904,993,1.0000 
904,994,1.0000 
905,906,1.0000 
905,907,1.0000 
905,908,1.0000 
905,909,1.0000 
905,910,1.0000 
905,912,1.0000 
905,913,1.0000 
905,914,1.0000 
905,915,1.0000 
905,916,1.0000 
905,917,1.0000 
905,918,1.0000 
905,919,1.0000 
905,920,1.0000 
905,921,1.0000 
905,922,1.0000 
905,923,1.0000 
905,924,1.0000 
905,925,1.0000 
905,926,1.0000 
905,928,1.0000 
905,929,1.0000 
905,930,1.0000 
905,931,1.0000 
905,932,1.0000 
905,933,1.0000 
905,934,1.0000 
905,935,1.0000 
905,936,1.0000 
905,937,1.0000 
905,938,1.0000 
905,939,1.0000 
905,940,1.0000 
905,941,1.0000 
905,942,1.0000 
905,943,1.0000 
905,944,1.0000 
905,945,1.0000 
905,946,1.0000 
905,947,1.0000 
905,948,1.0000 
905,949,1.0000 
905,950,1.0000 
905,951,1.0000 
905,952,1.0000 
905,953,1.0000 
905,954,1.0000 
905,955,1.0000 
905,956,1.0000 
905,957,1.0000 
905,958,1.0000 
905,959,1.0000 
905,960,1.0000 
905,961,1.0000 
905,962,1.0000 
905,963,1.0000 
905,964,1.0000 
905,965,1.0000 
905,966,1.0000 
905,967,1.0000 
905,968,1.0000 
905,969,1.0000 
905,970,1.0000 
905,971,1.0000 
905,972,1.0000 
905,974,1.0000 
905,975,1.0000 
905,976,1.0000 
905,977,1.0000 
905,978,1.0000 
905,979,1.0000 
905,980,1.0000 
905,981,1.0000 
905,982,1.0000 
905,983,1.0000 
905,984,1.0000 
905,985,1.0000 
905,986,1.0000 
905,987,1.0000 
905,988,1.0000 
905,989,1.0000 
905,990,1.0000 
905,991,1.0000 
905,992,1.0000 
905,993,1.0000 
905,994,1.0000 
906,907,1.0000 
906,908,1.0000 
906,909,1.0000 
906,910,1.0000 
906,912,1.0000 
906,913,1.0000 
906,914,1.0000 
906,915,1.0000 
906,916,1.0000 
906,917,1.0000 
906,918,1.0000 
906,919,1.0000 
906,920,1.0000 
906,921,1.0000 
906,922,1.0000 
906,923,1.0000 
906,924,1.0000 
906,925,1.0000 
906,926,1.0000 
906,928,1.0000 
906,929,1.0000 
906,930,1.0000 
906,931,1.0000 
906,932,1.0000 
906,933,1.0000 
906,934,1.0000 
906,935,1.0000 
906,936,1.0000 
906,937,1.0000 
906,938,1.0000 
906,939,1.0000 
906,940,1.0000 
906,941,1.0000 
906,942,1.0000 
906,943,1.0000 
906,944,1.0000 
906,945,1.0000 
906,946,1.0000 
906,947,1.0000 
906,948,1.0000 
906,949,1.0000 
906,950,1.0000 
906,951,1.0000 
906,952,1.0000 
906,953,1.0000 
906,954,1.0000 
906,955,1.0000 
906,956,1.0000 
906,957,1.0000 
906,958,1.0000 
906,959,1.0000 
906,960,1.0000 
906,961,1.0000 
906,962,1.0000 
906,963,1.0000 
906,964,1.0000 
906,965,1.0000 
906,966,1.0000 
906,967,1.0000 
906,968,1.0000 
906,969,1.0000 
906,970,1.0000 
906,971,1.0000 
906,972,1.0000 
906,974,1.0000 
906,975,1.0000 
906,976,1.0000 
906,977,1.0000 
906,978,1.0000 
906,979,1.0000 
906,980,1.0000 
906,981,1.0000 
906,982,1.0000 
906,983,1.0000 
906,984,1.0000 
906,985,1.0000 
906,986,1.0000 
906,987,1.0000 
906,988,1.0000 
906,989,1.0000 
906,990,1.0000 
906,991,1.0000 
906,992,1.0000 
906,993,1.0000 
906,994,1.0000 
907,908,1.0000 
907,909,1.0000 
907,910,1.0000 
907,912,1.0000 
907,913,1.0000 
907,914,1.0000 
907,915,1.0000 
907,916,1.0000 
907,917,1.0000 
907,918,1.0000 
907,919,1.0000 
907,920,1.0000 
907,921,1.0000 
907,922,1.0000 
907,923,1.0000 
907,924,1.0000 
907,925,1.0000 
907,926,1.0000 
907,928,1.0000 
907,929,1.0000 
907,930,1.0000 
907,931,1.0000 
907,932,1.0000 
907,933,1.0000 
907,934,1.0000 
907,935,1.0000 
907,936,1.0000 
907,937,1.0000 
907,938,1.0000 
907,939,1.0000 
907,940,1.0000 
907,941,1.0000 
907,942,1.0000 
907,943,1.0000 
907,944,1.0000 
907,945,1.0000 
907,946,1.0000 
907,947,1.0000 
907,948,1.0000 
907,949,1.0000 
907,950,1.0000 
907,951,1.0000 
907,952,1.0000 
907,953,1.0000 
907,954,1.0000 
907,955,1.0000 
907,956,1.0000 
907,957,1.0000 
907,958,1.0000 
907,959,1.0000 
907,960,1.0000 
907,961,1.0000 
907,962,1.0000 
907,963,1.0000 
907,964,1.0000 
907,965,1.0000 
907,966,1.0000 
907,967,1.0000 
907,968,1.0000 
907,969,1.0000 
907,970,1.0000 
907,971,1.0000 
907,972,1.0000 
907,974,1.0000 
907,975,1.0000 
907,976,1.0000 
907,977,1.0000 
907,978,1.0000 
907,979,1.0000 
907,980,1.0000 
907,981,1.0000 
907,982,1.0000 
907,983,1.0000 
907,984,1.0000 
907,985,1.0000 
907,986,1.0000 
907,987,1.0000 
907,988,1.0000 
907,989,1.0000 
907,990,1.0000 
907,991,1.0000 
907,992,1.0000 
907,993,1.0000 
907,994,1.0000 
908,909,1.0000 
908,910,1.0000 
908,912,1.0000 
908,913,1.0000 
908,914,1.0000 
908,915,1.0000 
908,916,1.0000 
908,917,1.0000 
908,918,1.0000 
908,919,1.0000 
908,920,1.0000 
908,921,1.0000 
908,922,1.0000 
908,923,1.0000 
908,924,1.0000 
908,925,1.0000 
908,926,1.0000 
908,928,1.0000 
908,929,1.0000 
908,930,1.0000 
908,931,1.0000 
908,932,1.0000 
908,933,1.0000 
908,934,1.0000 
908,935,1.0000 
908,936,1.0000 
908,937,1.0000 
908,938,1.0000 
908,939,1.0000 
908,940,1.0000 
908,941,1.0000 
908,942,1.0000 
908,943,1.0000 
908,944,1.0000 
908,945,1.0000 
908,946,1.0000 
908,947,1.0000 
908,948,1.0000 
908,949,1.0000 
908,950,1.0000 
908,951,1.0000 
908,952,1.0000 
908,953,1.0000 
908,954,1.0000 
908,955,1.0000 
908,956,1.0000 
908,957,1.0000 
908,958,1.0000 
908,959,1.0000 
908,960,1.0000 
908,961,1.0000 
908,962,1.0000 
908,963,1.0000 
908,964,1.0000 
908,965,1.0000 
908,966,1.0000 
908,967,1.0000 
908,968,1.0000 
908,969,1.0000 
908,970,1.0000 
908,971,1.0000 
908,972,1.0000 
908,974,1.0000 
908,975,1.0000 
908,976,1.0000 
908,977,1.0000 
908,978,1.0000 
908,979,1.0000 
908,980,1.0000 
908,981,1.0000 
908,982,1.0000 
908,983,1.0000 
908,984,1.0000 
908,985,1.0000 
908,986,1.0000 
908,987,1.0000 
908,988,1.0000 
908,989,1.0000 
908,990,1.0000 
908,991,1.0000 
908,992,1.0000 
908,993,1.0000 
908,994,1.0000 
909,910,1.0000 
909,912,1.0000 
909,913,1.0000 
909,914,1.0000 
909,915,1.0000 
909,916,1.0000 
909,917,1.0000 
909,918,1.0000 
909,919,1.0000 
909,920,1.0000 
909,921,1.0000 
909,922,1.0000 
909,923,1.0000 
909,924,1.0000 
909,925,1.0000 
909,926,1.0000 
909,928,1.0000 
909,929,1.0000 
909,930,1.0000 
909,931,1.0000 
909,932,1.0000 
909,933,1.0000 
909,934,1.0000 
909,935,1.0000 
909,936,1.0000 
909,937,1.0000 
909,938,1.0000 
909,939,1.0000 
909,940,1.0000 
909,941,1.0000 
909,942,1.0000 
909,943,1.0000 
909,944,1.0000 
909,945,1.0000 
909,946,1.0000 
909,947,1.0000 
909,948,1.0000 
909,949,1.0000 
909,950,1.0000 
909,951,1.0000 
909,952,1.0000 
909,953,1.0000 
909,954,1.0000 
909,955,1.0000 
909,956,1.0000 
909,957,1.0000 
909,958,1.0000 
909,959,1.0000 
909,960,1.0000 
909,961,1.0000 
909,962,1.0000 
909,963,1.0000 
909,964,1.0000 
909,965,1.0000 
909,966,1.0000 
909,967,1.0000 
909,968,1.0000 
909,969,1.0000 
909,970,1.0000 
909,971,1.0000 
909,972,1.0000 
909,974,1.0000 
909,975,1.0000 
909,976,1.0000 
909,977,1.0000 
909,978,1.0000 
909,979,1.0000 
909,980,1.0000 
909,981,1.0000 
909,982,1.0000 
909,983,1.0000 
909,984,1.0000 
909,985,1.0000 
909,986,1.0000 
909,987,1.0000 
909,988,1.0000 
909,989,1.0000 
909,990,1.0000 
909,991,1.0000 
909,992,1.0000 
909,993,1.0000 
909,994,1.0000 
910,912,1.0000 
910,913,1.0000 
910,914,1.0000 
910,915,1.0000 
910,916,1.0000 
910,917,1.0000 
910,918,1.0000 
910,919,1.0000 
910,920,1.0000 
910,921,1.0000 
910,922,1.0000 
910,923,1.0000 
910,924,1.0000 
910,925,1.0000 
910,926,1.0000 
910,928,1.0000 
910,929,1.0000 
910,930,1.0000 
910,931,1.0000 
910,932,1.0000 
910,933,1.0000 
910,934,1.0000 
910,935,1.0000 
910,936,1.0000 
910,937,1.0000 
910,938,1.0000 
910,939,1.0000 
910,940,1.0000 
910,941,1.0000 
910,942,1.0000 
910,943,1.0000 
910,944,1.0000 
910,945,1.0000 
910,946,1.0000 
910,947,1.0000 
910,948,1.0000 
910,949,1.0000 
910,950,1.0000 
910,951,1.0000 
910,952,1.0000 
910,953,1.0000 
910,954,1.0000 
910,955,1.0000 
910,956,1.0000 
910,957,1.0000 
910,958,1.0000 
910,959,1.0000 
910,960,1.0000 
910,961,1.0000 
910,962,1.0000 
910,963,1.0000 
910,964,1.0000 
910,965,1.0000 
910,966,1.0000 
910,967,1.0000 
910,968,1.0000 
910,969,1.0000 
910,970,1.0000 
910,971,1.0000 
910,972,1.0000 
910,974,1.0000 
910,975,1.0000 
910,976,1.0000 
910,977,1.0000 
910,978,1.0000 
910,979,1.0000 
910,980,1.0000 
910,981,1.0000 
910,982,1.0000 
910,983,1.0000 
910,984,1.0000 
910,985,1.0000 
910,986,1.0000 
910,987,1.0000 
910,988,1.0000 
910,989,1.0000 
910,990,1.0000 
910,991,1.0000 
910,992,1.0000 
910,993,1.0000 
910,994,1.0000 
912,913,1.0000 
912,914,1.0000 
912,915,1.0000 
912,916,1.0000 
912,917,1.0000 
912,918,1.0000 
912,919,1.0000 
912,920,1.0000 
912,921,1.0000 
912,922,1.0000 
912,923,1.0000 
912,924,1.0000 
912,925,1.0000 
912,926,1.0000 
912,928,1.0000 
912,929,1.0000 
912,930,1.0000 
912,931,1.0000 
912,932,1.0000 
912,933,1.0000 
912,934,1.0000 
912,935,1.0000 
912,936,1.0000 
912,937,1.0000 
912,938,1.0000 
912,939,1.0000 
912,940,1.0000 
912,941,1.0000 
912,942,1.0000 
912,943,1.0000 
912,944,1.0000 
912,945,1.0000 
912,946,1.0000 
912,947,1.0000 
912,948,1.0000 
912,949,1.0000 
912,950,1.0000 
912,951,1.0000 
912,952,1.0000 
912,953,1.0000 
912,954,1.0000 
912,955,1.0000 
912,956,1.0000 
912,957,1.0000 
912,958,1.0000 
912,959,1.0000 
912,960,1.0000 
912,961,1.0000 
912,962,1.0000 
912,963,1.0000 
912,964,1.0000 
912,965,1.0000 
912,966,1.0000 
912,967,1.0000 
912,968,1.0000 
912,969,1.0000 
912,970,1.0000 
912,971,1.0000 
912,972,1.0000 
912,974,1.0000 
912,975,1.0000 
912,976,1.0000 
912,977,1.0000 
912,978,1.0000 
912,979,1.0000 
912,980,1.0000 
912,981,1.0000 
912,982,1.0000 
912,983,1.0000 
912,984,1.0000 
912,985,1.0000 
912,986,1.0000 
912,987,1.0000 
912,988,1.0000 
912,989,1.0000 
912,990,1.0000 
912,991,1.0000 
912,992,1.0000 
912,993,1.0000 
912,994,1.0000 
913,914,1.0000 
913,915,1.0000 
913,916,1.0000 
913,917,1.0000 
913,918,1.0000 
913,919,1.0000 
913,920,1.0000 
913,921,1.0000 
913,922,1.0000 
913,923,1.0000 
913,924,1.0000 
913,925,1.0000 
913,926,1.0000 
913,928,1.0000 
913,929,1.0000 
913,930,1.0000 
913,931,1.0000 
913,932,1.0000 
913,933,1.0000 
913,934,1.0000 
913,935,1.0000 
913,936,1.0000 
913,937,1.0000 
913,938,1.0000 
913,939,1.0000 
913,940,1.0000 
913,941,1.0000 
913,942,1.0000 
913,943,1.0000 
913,944,1.0000 
913,945,1.0000 
913,946,1.0000 
913,947,1.0000 
913,948,1.0000 
913,949,1.0000 
913,950,1.0000 
913,951,1.0000 
913,952,1.0000 
913,953,1.0000 
913,954,1.0000 
913,955,1.0000 
913,956,1.0000 
913,957,1.0000 
913,959,1.0000 
913,960,1.0000 
913,961,1.0000 
913,962,1.0000 
913,963,1.0000 
913,964,1.0000 
913,965,1.0000 
913,966,1.0000 
913,967,1.0000 
913,968,1.0000 
913,969,1.0000 
913,970,1.0000 
913,971,1.0000 
913,974,1.0000 
913,975,1.0000 
913,976,1.0000 
913,977,1.0000 
913,978,1.0000 
913,979,1.0000 
913,980,1.0000 
913,981,1.0000 
913,982,1.0000 
913,983,1.0000 
913,984,1.0000 
913,985,1.0000 
913,986,1.0000 
913,987,1.0000 
913,988,1.0000 
913,989,1.0000 
913,990,1.0000 
913,991,1.0000 
913,992,1.0000 
913,993,1.0000 
913,994,1.0000 
914,915,1.0000 
914,916,1.0000 
914,917,1.0000 
914,918,1.0000 
914,919,1.0000 
914,920,1.0000 
914,921,1.0000 
914,922,1.0000 
914,923,1.0000 
914,924,1.0000 
914,925,1.0000 
914,926,1.0000 
914,928,1.0000 
914,929,1.0000 
914,930,1.0000 
914,931,1.0000 
914,932,1.0000 
914,933,1.0000 
914,934,1.0000 
914,935,1.0000 
914,936,1.0000 
914,937,1.0000 
914,938,1.0000 
914,939,1.0000 
914,940,1.0000 
914,941,1.0000 
914,942,1.0000 
914,943,1.0000 
914,944,1.0000 
914,945,1.0000 
914,946,1.0000 
914,947,1.0000 
914,948,1.0000 
914,949,1.0000 
914,950,1.0000 
914,951,1.0000 
914,952,1.0000 
914,953,1.0000 
914,954,1.0000 
914,955,1.0000 
914,956,1.0000 
914,957,1.0000 
914,958,1.0000 
914,959,1.0000 
914,960,1.0000 
914,961,1.0000 
914,962,1.0000 
914,963,1.0000 
914,964,1.0000 
914,965,1.0000 
914,966,1.0000 
914,967,1.0000 
914,968,1.0000 
914,969,1.0000 
914,970,1.0000 
914,971,1.0000 
914,972,1.0000 
914,974,1.0000 
914,975,1.0000 
914,976,1.0000 
914,977,1.0000 
914,978,1.0000 
914,979,1.0000 
914,980,1.0000 
914,981,1.0000 
914,982,1.0000 
914,983,1.0000 
914,984,1.0000 
914,985,1.0000 
914,986,1.0000 
914,987,1.0000 
914,988,1.0000 
914,989,1.0000 
914,990,1.0000 
914,991,1.0000 
914,992,1.0000 
914,993,1.0000 
914,994,1.0000 
915,916,1.0000 
915,917,1.0000 
915,918,1.0000 
915,919,1.0000 
915,920,1.0000 
915,921,1.0000 
915,922,1.0000 
915,923,1.0000 
915,924,1.0000 
915,925,1.0000 
915,926,1.0000 
915,928,1.0000 
915,929,1.0000 
915,930,1.0000 
915,931,1.0000 
915,932,1.0000 
915,933,1.0000 
915,935,1.0000 
915,936,1.0000 
915,937,1.0000 
915,938,1.0000 
915,939,1.0000 
915,940,1.0000 
915,941,1.0000 
915,942,1.0000 
915,943,1.0000 
915,944,1.0000 
915,945,1.0000 
915,946,1.0000 
915,947,1.0000 
915,948,1.0000 
915,949,1.0000 
915,950,1.0000 
915,951,1.0000 
915,952,1.0000 
915,953,1.0000 
915,954,1.0000 
915,955,1.0000 
915,956,1.0000 
915,957,1.0000 
915,958,1.0000 
915,959,1.0000 
915,960,1.0000 
915,961,1.0000 
915,962,1.0000 
915,963,1.0000 
915,964,1.0000 
915,965,1.0000 
915,966,1.0000 
915,967,1.0000 
915,968,1.0000 
915,969,1.0000 
915,970,1.0000 
915,971,1.0000 
915,972,1.0000 
915,974,1.0000 
915,975,1.0000 
915,976,1.0000 
915,977,1.0000 
915,978,1.0000 
915,979,1.0000 
915,980,1.0000 
915,981,1.0000 
915,982,1.0000 
915,983,1.0000 
915,984,1.0000 
915,985,1.0000 
915,986,1.0000 
915,987,1.0000 
915,988,1.0000 
915,989,1.0000 
915,990,1.0000 
915,991,1.0000 
915,992,1.0000 
915,993,1.0000 
915,994,1.0000 
916,917,1.0000 
916,918,1.0000 
916,919,1.0000 
916,920,1.0000 
916,921,1.0000 
916,922,1.0000 
916,923,1.0000 
916,924,1.0000 
916,925,1.0000 
916,926,1.0000 
916,928,1.0000 
916,929,1.0000 
916,930,1.0000 
916,931,1.0000 
916,932,1.0000 
916,933,1.0000 
916,934,1.0000 
916,935,1.0000 
916,936,1.0000 
916,937,1.0000 
916,938,1.0000 
916,939,1.0000 
916,940,1.0000 
916,941,1.0000 
916,942,1.0000 
916,943,1.0000 
916,944,1.0000 
916,945,1.0000 
916,946,1.0000 
916,947,1.0000 
916,948,1.0000 
916,949,1.0000 
916,950,1.0000 
916,951,1.0000 
916,952,1.0000 
916,953,1.0000 
916,954,1.0000 
916,955,1.0000 
916,956,1.0000 
916,957,1.0000 
916,958,1.0000 
916,959,1.0000 
916,960,1.0000 
916,961,1.0000 
916,962,1.0000 
916,963,1.0000 
916,964,1.0000 
916,965,1.0000 
916,966,1.0000 
916,967,1.0000 
916,968,1.0000 
916,969,1.0000 
916,970,1.0000 
916,971,1.0000 
916,972,1.0000 
916,974,1.0000 
916,975,1.0000 
916,976,1.0000 
916,977,1.0000 
916,978,1.0000 
916,979,1.0000 
916,980,1.0000 
916,981,1.0000 
916,982,1.0000 
916,983,1.0000 
916,984,1.0000 
916,985,1.0000 
916,986,1.0000 
916,987,1.0000 
916,988,1.0000 
916,989,1.0000 
916,990,1.0000 
916,991,1.0000 
916,992,1.0000 
916,993,1.0000 
916,994,1.0000 
917,918,1.0000 
917,919,1.0000 
917,920,1.0000 
917,921,1.0000 
917,922,1.0000 
917,923,1.0000 
917,924,1.0000 
917,925,1.0000 
917,926,1.0000 
917,928,1.0000 
917,929,1.0000 
917,930,1.0000 
917,931,1.0000 
917,932,1.0000 
917,933,1.0000 
917,934,1.0000 
917,935,1.0000 
917,936,1.0000 
917,937,1.0000 
917,938,1.0000 
917,939,1.0000 
917,940,1.0000 
917,941,1.0000 
917,942,1.0000 
917,943,1.0000 
917,944,1.0000 
917,945,1.0000 
917,946,1.0000 
917,947,1.0000 
917,948,1.0000 
917,949,1.0000 
917,950,1.0000 
917,951,1.0000 
917,952,1.0000 
917,953,1.0000 
917,954,1.0000 
917,955,1.0000 
917,956,1.0000 
917,957,1.0000 
917,958,1.0000 
917,959,1.0000 
917,960,1.0000 
917,961,1.0000 
917,962,1.0000 
917,963,1.0000 
917,964,1.0000 
917,965,1.0000 
917,966,1.0000 
917,967,1.0000 
917,968,1.0000 
917,969,1.0000 
917,970,1.0000 
917,971,1.0000 
917,972,1.0000 
917,974,1.0000 
917,975,1.0000 
917,976,1.0000 
917,977,1.0000 
917,978,1.0000 
917,979,1.0000 
917,980,1.0000 
917,981,1.0000 
917,982,1.0000 
917,983,1.0000 
917,984,1.0000 
917,985,1.0000 
917,986,1.0000 
917,987,1.0000 
917,988,1.0000 
917,989,1.0000 
917,990,1.0000 
917,991,1.0000 
917,992,1.0000 
917,993,1.0000 
917,994,1.0000 
918,919,1.0000 
918,920,1.0000 
918,921,1.0000 
918,922,1.0000 
918,923,1.0000 
918,924,1.0000 
918,925,1.0000 
918,926,1.0000 
918,928,1.0000 
918,929,1.0000 
918,930,1.0000 
918,931,1.0000 
918,932,1.0000 
918,933,1.0000 
918,934,1.0000 
918,935,1.0000 
918,936,1.0000 
918,937,1.0000 
918,938,1.0000 
918,939,1.0000 
918,940,1.0000 
918,941,1.0000 
918,942,1.0000 
918,943,1.0000 
918,944,1.0000 
918,945,1.0000 
918,946,1.0000 
918,947,1.0000 
918,948,1.0000 
918,949,1.0000 
918,950,1.0000 
918,951,1.0000 
918,952,1.0000 
918,953,1.0000 
918,954,1.0000 
918,955,1.0000 
918,956,1.0000 
918,957,1.0000 
918,958,1.0000 
918,959,1.0000 
918,960,1.0000 
918,961,1.0000 
918,962,1.0000 
918,963,1.0000 
918,964,1.0000 
918,965,1.0000 
918,966,1.0000 
918,967,1.0000 
918,968,1.0000 
918,969,1.0000 
918,970,1.0000 
918,971,1.0000 
918,972,1.0000 
918,974,1.0000 
918,975,1.0000 
918,976,1.0000 
918,977,1.0000 
918,978,1.0000 
918,979,1.0000 
918,980,1.0000 
918,981,1.0000 
918,982,1.0000 
918,983,1.0000 
918,984,1.0000 
918,985,1.0000 
918,986,1.0000 
918,987,1.0000 
918,988,1.0000 
918,989,1.0000 
918,990,1.0000 
918,991,1.0000 
918,992,1.0000 
918,993,1.0000 
918,994,1.0000 
919,920,1.0000 
919,921,1.0000 
919,922,1.0000 
919,923,1.0000 
919,924,1.0000 
919,925,1.0000 
919,926,1.0000 
919,928,1.0000 
919,929,1.0000 
919,930,1.0000 
919,931,1.0000 
919,932,1.0000 
919,933,1.0000 
919,934,1.0000 
919,935,1.0000 
919,936,1.0000 
919,937,1.0000 
919,938,1.0000 
919,939,1.0000 
919,940,1.0000 
919,941,1.0000 
919,942,1.0000 
919,943,1.0000 
919,944,1.0000 
919,945,1.0000 
919,946,1.0000 
919,947,1.0000 
919,948,1.0000 
919,949,1.0000 
919,950,1.0000 
919,951,1.0000 
919,952,1.0000 
919,953,1.0000 
919,954,1.0000 
919,955,1.0000 
919,956,1.0000 
919,957,1.0000 
919,958,1.0000 
919,959,1.0000 
919,960,1.0000 
919,961,1.0000 
919,962,1.0000 
919,963,1.0000 
919,964,1.0000 
919,965,1.0000 
919,966,1.0000 
919,967,1.0000 
919,968,1.0000 
919,969,1.0000 
919,970,1.0000 
919,971,1.0000 
919,972,1.0000 
919,974,1.0000 
919,975,1.0000 
919,976,1.0000 
919,977,1.0000 
919,978,1.0000 
919,979,1.0000 
919,980,1.0000 
919,981,1.0000 
919,982,1.0000 
919,983,1.0000 
919,984,1.0000 
919,985,1.0000 
919,986,1.0000 
919,987,1.0000 
919,988,1.0000 
919,989,1.0000 
919,990,1.0000 
919,991,1.0000 
919,992,1.0000 
919,993,1.0000 
919,994,1.0000 
920,921,1.0000 
920,922,1.0000 
920,923,1.0000 
920,924,1.0000 
920,925,1.0000 
920,926,1.0000 
920,928,1.0000 
920,929,1.0000 
920,930,1.0000 
920,931,1.0000 
920,932,1.0000 
920,933,1.0000 
920,934,1.0000 
920,935,1.0000 
920,936,1.0000 
920,937,1.0000 
920,938,1.0000 
920,939,1.0000 
920,940,1.0000 
920,941,1.0000 
920,942,1.0000 
920,943,1.0000 
920,944,1.0000 
920,945,1.0000 
920,946,1.0000 
920,947,1.0000 
920,948,1.0000 
920,949,1.0000 
920,950,1.0000 
920,951,1.0000 
920,952,1.0000 
920,953,1.0000 
920,954,1.0000 
920,955,1.0000 
920,956,1.0000 
920,957,1.0000 
920,958,1.0000 
920,959,1.0000 
920,960,1.0000 
920,961,1.0000 
920,962,1.0000 
920,963,1.0000 
920,964,1.0000 
920,965,1.0000 
920,966,1.0000 
920,967,1.0000 
920,968,1.0000 
920,969,1.0000 
920,970,1.0000 
920,971,1.0000 
920,972,1.0000 
920,974,1.0000 
920,975,1.0000 
920,976,1.0000 
920,977,1.0000 
920,978,1.0000 
920,979,1.0000 
920,980,1.0000 
920,981,1.0000 
920,982,1.0000 
920,983,1.0000 
920,984,1.0000 
920,985,1.0000 
920,986,1.0000 
920,987,1.0000 
920,988,1.0000 
920,989,1.0000 
920,990,1.0000 
920,991,1.0000 
920,992,1.0000 
920,993,1.0000 
920,994,1.0000 
921,922,1.0000 
921,923,1.0000 
921,924,1.0000 
921,925,1.0000 
921,926,1.0000 
921,928,1.0000 
921,929,1.0000 
921,930,1.0000 
921,931,1.0000 
921,932,1.0000 
921,933,1.0000 
921,934,1.0000 
921,935,1.0000 
921,936,1.0000 
921,937,1.0000 
921,938,1.0000 
921,939,1.0000 
921,940,1.0000 
921,941,1.0000 
921,942,1.0000 
921,943,1.0000 
921,944,1.0000 
921,945,1.0000 
921,946,1.0000 
921,947,1.0000 
921,948,1.0000 
921,949,1.0000 
921,950,1.0000 
921,951,1.0000 
921,952,1.0000 
921,953,1.0000 
921,954,1.0000 
921,955,1.0000 
921,956,1.0000 
921,957,1.0000 
921,958,1.0000 
921,959,1.0000 
921,960,1.0000 
921,961,1.0000 
921,962,1.0000 
921,963,1.0000 
921,964,1.0000 
921,965,1.0000 
921,966,1.0000 
921,967,1.0000 
921,968,1.0000 
921,969,1.0000 
921,970,1.0000 
921,971,1.0000 
921,972,1.0000 
921,974,1.0000 
921,975,1.0000 
921,976,1.0000 
921,977,1.0000 
921,978,1.0000 
921,979,1.0000 
921,980,1.0000 
921,981,1.0000 
921,982,1.0000 
921,983,1.0000 
921,984,1.0000 
921,985,1.0000 
921,986,1.0000 
921,987,1.0000 
921,988,1.0000 
921,989,1.0000 
921,990,1.0000 
921,991,1.0000 
921,992,1.0000 
921,993,1.0000 
921,994,1.0000 
922,923,1.0000 
922,924,1.0000 
922,925,1.0000 
922,926,1.0000 
922,928,1.0000 
922,929,1.0000 
922,930,1.0000 
922,931,1.0000 
922,932,1.0000 
922,933,1.0000 
922,934,1.0000 
922,935,1.0000 
922,936,1.0000 
922,937,1.0000 
922,938,1.0000 
922,939,1.0000 
922,940,1.0000 
922,941,1.0000 
922,942,1.0000 
922,943,1.0000 
922,944,1.0000 
922,945,1.0000 
922,946,1.0000 
922,947,1.0000 
922,948,1.0000 
922,949,1.0000 
922,950,1.0000 
922,951,1.0000 
922,952,1.0000 
922,953,1.0000 
922,954,1.0000 
922,955,1.0000 
922,956,1.0000 
922,957,1.0000 
922,958,1.0000 
922,959,1.0000 
922,960,1.0000 
922,961,1.0000 
922,962,1.0000 
922,963,1.0000 
922,964,1.0000 
922,965,1.0000 
922,966,1.0000 
922,967,1.0000 
922,968,1.0000 
922,969,1.0000 
922,970,1.0000 
922,971,1.0000 
922,972,1.0000 
922,974,1.0000 
922,975,1.0000 
922,976,1.0000 
922,977,1.0000 
922,978,1.0000 
922,979,1.0000 
922,980,1.0000 
922,981,1.0000 
922,982,1.0000 
922,983,1.0000 
922,984,1.0000 
922,985,1.0000 
922,986,1.0000 
922,987,1.0000 
922,988,1.0000 
922,989,1.0000 
922,990,1.0000 
922,991,1.0000 
922,992,1.0000 
922,993,1.0000 
922,994,1.0000 
923,924,1.0000 
923,925,1.0000 
923,926,1.0000 
923,928,1.0000 
923,929,1.0000 
923,930,1.0000 
923,931,1.0000 
923,932,1.0000 
923,933,1.0000 
923,934,1.0000 
923,935,1.0000 
923,936,1.0000 
923,937,1.0000 
923,938,1.0000 
923,939,1.0000 
923,940,1.0000 
923,941,1.0000 
923,942,1.0000 
923,943,1.0000 
923,944,1.0000 
923,945,1.0000 
923,946,1.0000 
923,947,1.0000 
923,948,1.0000 
923,949,1.0000 
923,950,1.0000 
923,951,1.0000 
923,952,1.0000 
923,953,1.0000 
923,954,1.0000 
923,955,1.0000 
923,956,1.0000 
923,957,1.0000 
923,958,1.0000 
923,959,1.0000 
923,960,1.0000 
923,961,1.0000 
923,962,1.0000 
923,963,1.0000 
923,964,1.0000 
923,965,1.0000 
923,966,1.0000 
923,967,1.0000 
923,968,1.0000 
923,969,1.0000 
923,970,1.0000 
923,971,1.0000 
923,972,1.0000 
923,974,1.0000 
923,975,1.0000 
923,976,1.0000 
923,977,1.0000 
923,978,1.0000 
923,979,1.0000 
923,980,1.0000 
923,981,1.0000 
923,982,1.0000 
923,983,1.0000 
923,984,1.0000 
923,985,1.0000 
923,986,1.0000 
923,987,1.0000 
923,988,1.0000 
923,989,1.0000 
923,990,1.0000 
923,991,1.0000 
923,992,1.0000 
923,993,1.0000 
923,994,1.0000 
924,925,1.0000 
924,926,1.0000 
924,928,1.0000 
924,929,1.0000 
924,930,1.0000 
924,931,1.0000 
924,932,1.0000 
924,933,1.0000 
924,934,1.0000 
924,935,1.0000 
924,936,1.0000 
924,937,1.0000 
924,938,1.0000 
924,939,1.0000 
924,940,1.0000 
924,941,1.0000 
924,942,1.0000 
924,943,1.0000 
924,944,1.0000 
924,945,1.0000 
924,946,1.0000 
924,947,1.0000 
924,948,1.0000 
924,949,1.0000 
924,950,1.0000 
924,952,1.0000 
924,953,1.0000 
924,954,1.0000 
924,955,1.0000 
924,956,1.0000 
924,957,1.0000 
924,958,1.0000 
924,959,1.0000 
924,960,1.0000 
924,961,1.0000 
924,962,1.0000 
924,963,1.0000 
924,964,1.0000 
924,965,1.0000 
924,966,1.0000 
924,967,1.0000 
924,968,1.0000 
924,969,1.0000 
924,970,1.0000 
924,971,1.0000 
924,972,1.0000 
924,974,1.0000 
924,975,1.0000 
924,976,1.0000 
924,977,1.0000 
924,978,1.0000 
924,979,1.0000 
924,980,1.0000 
924,981,1.0000 
924,982,1.0000 
924,983,1.0000 
924,984,1.0000 
924,985,1.0000 
924,986,1.0000 
924,987,1.0000 
924,988,1.0000 
924,989,1.0000 
924,990,1.0000 
924,991,1.0000 
924,992,1.0000 
924,993,1.0000 
924,994,1.0000 
925,926,1.0000 
925,928,1.0000 
925,929,1.0000 
925,930,1.0000 
925,931,1.0000 
925,932,1.0000 
925,933,1.0000 
925,934,1.0000 
925,935,1.0000 
925,936,1.0000 
925,937,1.0000 
925,938,1.0000 
925,939,1.0000 
925,940,1.0000 
925,941,1.0000 
925,942,1.0000 
925,943,1.0000 
925,944,1.0000 
925,945,1.0000 
925,946,1.0000 
925,947,1.0000 
925,948,1.0000 
925,949,1.0000 
925,950,1.0000 
925,951,1.0000 
925,952,1.0000 
925,953,1.0000 
925,954,1.0000 
925,955,1.0000 
925,956,1.0000 
925,957,1.0000 
925,958,1.0000 
925,959,1.0000 
925,960,1.0000 
925,961,1.0000 
925,962,1.0000 
925,963,1.0000 
925,964,1.0000 
925,965,1.0000 
925,966,1.0000 
925,967,1.0000 
925,968,1.0000 
925,969,1.0000 
925,970,1.0000 
925,971,1.0000 
925,972,1.0000 
925,974,1.0000 
925,975,1.0000 
925,976,1.0000 
925,977,1.0000 
925,978,1.0000 
925,979,1.0000 
925,980,1.0000 
925,981,1.0000 
925,982,1.0000 
925,983,1.0000 
925,984,1.0000 
925,985,1.0000 
925,986,1.0000 
925,987,1.0000 
925,988,1.0000 
925,989,1.0000 
925,990,1.0000 
925,991,1.0000 
925,992,1.0000 
925,993,1.0000 
925,994,1.0000 
926,928,1.0000 
926,929,1.0000 
926,930,1.0000 
926,931,1.0000 
926,932,1.0000 
926,933,1.0000 
926,934,1.0000 
926,935,1.0000 
926,936,1.0000 
926,937,1.0000 
926,938,1.0000 
926,939,1.0000 
926,940,1.0000 
926,941,1.0000 
926,942,1.0000 
926,943,1.0000 
926,944,1.0000 
926,945,1.0000 
926,946,1.0000 
926,947,1.0000 
926,948,1.0000 
926,949,1.0000 
926,950,1.0000 
926,951,1.0000 
926,952,1.0000 
926,953,1.0000 
926,954,1.0000 
926,955,1.0000 
926,956,1.0000 
926,957,1.0000 
926,958,1.0000 
926,959,1.0000 
926,960,1.0000 
926,961,1.0000 
926,962,1.0000 
926,963,1.0000 
926,964,1.0000 
926,965,1.0000 
926,966,1.0000 
926,967,1.0000 
926,968,1.0000 
926,969,1.0000 
926,970,1.0000 
926,971,1.0000 
926,972,1.0000 
926,974,1.0000 
926,975,1.0000 
926,976,1.0000 
926,977,1.0000 
926,978,1.0000 
926,979,1.0000 
926,980,1.0000 
926,981,1.0000 
926,982,1.0000 
926,983,1.0000 
926,984,1.0000 
926,985,1.0000 
926,986,1.0000 
926,987,1.0000 
926,988,1.0000 
926,989,1.0000 
926,990,1.0000 
926,991,1.0000 
926,992,1.0000 
926,993,1.0000 
926,994,1.0000 
928,929,1.0000 
928,930,1.0000 
928,931,1.0000 
928,932,1.0000 
928,933,1.0000 
928,934,1.0000 
928,935,1.0000 
928,936,1.0000 
928,937,1.0000 
928,938,1.0000 
928,939,1.0000 
928,940,1.0000 
928,941,1.0000 
928,942,1.0000 
928,943,1.0000 
928,944,1.0000 
928,945,1.0000 
928,946,1.0000 
928,947,1.0000 
928,948,1.0000 
928,949,1.0000 
928,950,1.0000 
928,951,1.0000 
928,952,1.0000 
928,953,1.0000 
928,954,1.0000 
928,955,1.0000 
928,956,1.0000 
928,957,1.0000 
928,958,1.0000 
928,959,1.0000 
928,960,1.0000 
928,961,1.0000 
928,962,1.0000 
928,963,1.0000 
928,964,1.0000 
928,965,1.0000 
928,966,1.0000 
928,967,1.0000 
928,968,1.0000 
928,969,1.0000 
928,970,1.0000 
928,971,1.0000 
928,972,1.0000 
928,974,1.0000 
928,975,1.0000 
928,976,1.0000 
928,977,1.0000 
928,978,1.0000 
928,979,1.0000 
928,980,1.0000 
928,981,1.0000 
928,982,1.0000 
928,983,1.0000 
928,984,1.0000 
928,985,1.0000 
928,986,1.0000 
928,987,1.0000 
928,988,1.0000 
928,989,1.0000 
928,990,1.0000 
928,991,1.0000 
928,992,1.0000 
928,993,1.0000 
928,994,1.0000 
929,930,1.0000 
929,931,1.0000 
929,932,1.0000 
929,933,1.0000 
929,934,1.0000 
929,935,1.0000 
929,936,1.0000 
929,937,1.0000 
929,938,1.0000 
929,939,1.0000 
929,940,1.0000 
929,941,1.0000 
929,942,1.0000 
929,943,1.0000 
929,944,1.0000 
929,945,1.0000 
929,946,1.0000 
929,947,1.0000 
929,948,1.0000 
929,949,1.0000 
929,950,1.0000 
929,951,1.0000 
929,952,1.0000 
929,953,1.0000 
929,954,1.0000 
929,955,1.0000 
929,956,1.0000 
929,957,1.0000 
929,958,1.0000 
929,959,1.0000 
929,960,1.0000 
929,961,1.0000 
929,962,1.0000 
929,963,1.0000 
929,964,1.0000 
929,965,1.0000 
929,966,1.0000 
929,967,1.0000 
929,968,1.0000 
929,969,1.0000 
929,970,1.0000 
929,971,1.0000 
929,972,1.0000 
929,974,1.0000 
929,975,1.0000 
929,976,1.0000 
929,977,1.0000 
929,978,1.0000 
929,979,1.0000 
929,980,1.0000 
929,981,1.0000 
929,982,1.0000 
929,983,1.0000 
929,984,1.0000 
929,985,1.0000 
929,986,1.0000 
929,987,1.0000 
929,988,1.0000 
929,989,1.0000 
929,990,1.0000 
929,991,1.0000 
929,992,1.0000 
929,993,1.0000 
929,994,1.0000 
930,931,1.0000 
930,932,1.0000 
930,933,1.0000 
930,934,1.0000 
930,935,1.0000 
930,936,1.0000 
930,937,1.0000 
930,938,1.0000 
930,939,1.0000 
930,940,1.0000 
930,941,1.0000 
930,942,1.0000 
930,943,1.0000 
930,944,1.0000 
930,945,1.0000 
930,946,1.0000 
930,947,1.0000 
930,948,1.0000 
930,949,1.0000 
930,950,1.0000 
930,951,1.0000 
930,952,1.0000 
930,953,1.0000 
930,954,1.0000 
930,955,1.0000 
930,956,1.0000 
930,957,1.0000 
930,958,1.0000 
930,959,1.0000 
930,960,1.0000 
930,961,1.0000 
930,962,1.0000 
930,963,1.0000 
930,964,1.0000 
930,965,1.0000 
930,966,1.0000 
930,967,1.0000 
930,968,1.0000 
930,969,1.0000 
930,970,1.0000 
930,971,1.0000 
930,972,1.0000 
930,974,1.0000 
930,975,1.0000 
930,976,1.0000 
930,977,1.0000 
930,978,1.0000 
930,979,1.0000 
930,980,1.0000 
930,981,1.0000 
930,982,1.0000 
930,983,1.0000 
930,984,1.0000 
930,985,1.0000 
930,986,1.0000 
930,987,1.0000 
930,988,1.0000 
930,989,1.0000 
930,990,1.0000 
930,991,1.0000 
930,992,1.0000 
930,993,1.0000 
930,994,1.0000 
931,932,1.0000 
931,933,1.0000 
931,934,1.0000 
931,935,1.0000 
931,936,1.0000 
931,937,1.0000 
931,938,1.0000 
931,939,1.0000 
931,940,1.0000 
931,941,1.0000 
931,942,1.0000 
931,943,1.0000 
931,944,1.0000 
931,945,1.0000 
931,946,1.0000 
931,947,1.0000 
931,948,1.0000 
931,949,1.0000 
931,950,1.0000 
931,951,1.0000 
931,952,1.0000 
931,953,1.0000 
931,954,1.0000 
931,955,1.0000 
931,956,1.0000 
931,957,1.0000 
931,958,1.0000 
931,959,1.0000 
931,960,1.0000 
931,961,1.0000 
931,962,1.0000 
931,963,1.0000 
931,964,1.0000 
931,965,1.0000 
931,966,1.0000 
931,967,1.0000 
931,968,1.0000 
931,969,1.0000 
931,970,1.0000 
931,971,1.0000 
931,972,1.0000 
931,974,1.0000 
931,975,1.0000 
931,976,1.0000 
931,977,1.0000 
931,978,1.0000 
931,979,1.0000 
931,980,1.0000 
931,981,1.0000 
931,982,1.0000 
931,983,1.0000 
931,984,1.0000 
931,985,1.0000 
931,986,1.0000 
931,987,1.0000 
931,988,1.0000 
931,989,1.0000 
931,990,1.0000 
931,991,1.0000 
931,992,1.0000 
931,993,1.0000 
931,994,1.0000 
932,933,1.0000 
932,934,1.0000 
932,935,1.0000 
932,936,1.0000 
932,937,1.0000 
932,938,1.0000 
932,939,1.0000 
932,940,1.0000 
932,941,1.0000 
932,942,1.0000 
932,943,1.0000 
932,944,1.0000 
932,945,1.0000 
932,946,1.0000 
932,947,1.0000 
932,948,1.0000 
932,949,1.0000 
932,950,1.0000 
932,951,1.0000 
932,952,1.0000 
932,953,1.0000 
932,954,1.0000 
932,955,1.0000 
932,956,1.0000 
932,957,1.0000 
932,958,1.0000 
932,959,1.0000 
932,960,1.0000 
932,961,1.0000 
932,962,1.0000 
932,963,1.0000 
932,964,1.0000 
932,965,1.0000 
932,966,1.0000 
932,967,1.0000 
932,968,1.0000 
932,969,1.0000 
932,970,1.0000 
932,971,1.0000 
932,972,1.0000 
932,974,1.0000 
932,975,1.0000 
932,976,1.0000 
932,977,1.0000 
932,978,1.0000 
932,979,1.0000 
932,980,1.0000 
932,981,1.0000 
932,982,1.0000 
932,983,1.0000 
932,984,1.0000 
932,985,1.0000 
932,986,1.0000 
932,987,1.0000 
932,988,1.0000 
932,989,1.0000 
932,990,1.0000 
932,991,1.0000 
932,992,1.0000 
932,993,1.0000 
932,994,1.0000 
933,934,1.0000 
933,935,1.0000 
933,936,1.0000 
933,937,1.0000 
933,938,1.0000 
933,939,1.0000 
933,940,1.0000 
933,941,1.0000 
933,942,1.0000 
933,943,1.0000 
933,944,1.0000 
933,945,1.0000 
933,946,1.0000 
933,947,1.0000 
933,948,1.0000 
933,949,1.0000 
933,950,1.0000 
933,951,1.0000 
933,952,1.0000 
933,953,1.0000 
933,954,1.0000 
933,955,1.0000 
933,956,1.0000 
933,957,1.0000 
933,958,1.0000 
933,959,1.0000 
933,960,1.0000 
933,961,1.0000 
933,962,1.0000 
933,963,1.0000 
933,964,1.0000 
933,965,1.0000 
933,966,1.0000 
933,967,1.0000 
933,968,1.0000 
933,969,1.0000 
933,970,1.0000 
933,971,1.0000 
933,972,1.0000 
933,974,1.0000 
933,975,1.0000 
933,976,1.0000 
933,977,1.0000 
933,978,1.0000 
933,979,1.0000 
933,980,1.0000 
933,981,1.0000 
933,982,1.0000 
933,983,1.0000 
933,984,1.0000 
933,985,1.0000 
933,986,1.0000 
933,987,1.0000 
933,988,1.0000 
933,989,1.0000 
933,990,1.0000 
933,991,1.0000 
933,992,1.0000 
933,993,1.0000 
933,994,1.0000 
934,935,1.0000 
934,936,1.0000 
934,937,1.0000 
934,938,1.0000 
934,939,1.0000 
934,940,1.0000 
934,941,1.0000 
934,942,1.0000 
934,943,1.0000 
934,944,1.0000 
934,945,1.0000 
934,946,1.0000 
934,947,1.0000 
934,948,1.0000 
934,949,1.0000 
934,950,1.0000 
934,951,1.0000 
934,952,1.0000 
934,953,1.0000 
934,954,1.0000 
934,955,1.0000 
934,956,1.0000 
934,957,1.0000 
934,958,1.0000 
934,959,1.0000 
934,960,1.0000 
934,961,1.0000 
934,962,1.0000 
934,963,1.0000 
934,964,1.0000 
934,965,1.0000 
934,966,1.0000 
934,967,1.0000 
934,968,1.0000 
934,969,1.0000 
934,970,1.0000 
934,971,1.0000 
934,972,1.0000 
934,974,1.0000 
934,975,1.0000 
934,976,1.0000 
934,977,1.0000 
934,978,1.0000 
934,979,1.0000 
934,980,1.0000 
934,981,1.0000 
934,982,1.0000 
934,983,1.0000 
934,984,1.0000 
934,985,1.0000 
934,986,1.0000 
934,987,1.0000 
934,988,1.0000 
934,989,1.0000 
934,990,1.0000 
934,991,1.0000 
934,992,1.0000 
934,993,1.0000 
934,994,1.0000 
935,936,1.0000 
935,937,1.0000 
935,938,1.0000 
935,939,1.0000 
935,940,1.0000 
935,941,1.0000 
935,942,1.0000 
935,943,1.0000 
935,944,1.0000 
935,945,1.0000 
935,946,1.0000 
935,947,1.0000 
935,948,1.0000 
935,949,1.0000 
935,950,1.0000 
935,951,1.0000 
935,952,1.0000 
935,953,1.0000 
935,954,1.0000 
935,955,1.0000 
935,956,1.0000 
935,957,1.0000 
935,958,1.0000 
935,960,1.0000 
935,961,1.0000 
935,962,1.0000 
935,963,1.0000 
935,964,1.0000 
935,965,1.0000 
935,966,1.0000 
935,967,1.0000 
935,968,1.0000 
935,969,1.0000 
935,970,1.0000 
935,971,1.0000 
935,972,1.0000 
935,974,1.0000 
935,975,1.0000 
935,976,1.0000 
935,977,1.0000 
935,978,1.0000 
935,979,1.0000 
935,980,1.0000 
935,981,1.0000 
935,982,1.0000 
935,983,1.0000 
935,984,1.0000 
935,985,1.0000 
935,986,1.0000 
935,987,1.0000 
935,988,1.0000 
935,989,1.0000 
935,990,1.0000 
935,991,1.0000 
935,992,1.0000 
935,993,1.0000 
935,994,1.0000 
936,937,1.0000 
936,938,1.0000 
936,939,1.0000 
936,940,1.0000 
936,941,1.0000 
936,942,1.0000 
936,943,1.0000 
936,944,1.0000 
936,945,1.0000 
936,946,1.0000 
936,947,1.0000 
936,948,1.0000 
936,949,1.0000 
936,950,1.0000 
936,951,1.0000 
936,952,1.0000 
936,953,1.0000 
936,954,1.0000 
936,955,1.0000 
936,956,1.0000 
936,957,1.0000 
936,958,1.0000 
936,959,1.0000 
936,960,1.0000 
936,961,1.0000 
936,962,1.0000 
936,963,1.0000 
936,964,1.0000 
936,965,1.0000 
936,966,1.0000 
936,967,1.0000 
936,968,1.0000 
936,969,1.0000 
936,970,1.0000 
936,971,1.0000 
936,972,1.0000 
936,974,1.0000 
936,975,1.0000 
936,976,1.0000 
936,977,1.0000 
936,978,1.0000 
936,979,1.0000 
936,980,1.0000 
936,981,1.0000 
936,982,1.0000 
936,983,1.0000 
936,984,1.0000 
936,985,1.0000 
936,986,1.0000 
936,987,1.0000 
936,988,1.0000 
936,989,1.0000 
936,990,1.0000 
936,991,1.0000 
936,992,1.0000 
936,993,1.0000 
936,994,1.0000 
937,938,1.0000 
937,939,1.0000 
937,940,1.0000 
937,941,1.0000 
937,942,1.0000 
937,943,1.0000 
937,944,1.0000 
937,945,1.0000 
937,946,1.0000 
937,947,1.0000 
937,948,1.0000 
937,949,1.0000 
937,950,1.0000 
937,951,1.0000 
937,952,1.0000 
937,953,1.0000 
937,954,1.0000 
937,955,1.0000 
937,956,1.0000 
937,957,1.0000 
937,958,1.0000 
937,959,1.0000 
937,960,1.0000 
937,961,1.0000 
937,962,1.0000 
937,963,1.0000 
937,964,1.0000 
937,965,1.0000 
937,966,1.0000 
937,967,1.0000 
937,968,1.0000 
937,969,1.0000 
937,970,1.0000 
937,971,1.0000 
937,972,1.0000 
937,974,1.0000 
937,975,1.0000 
937,976,1.0000 
937,977,1.0000 
937,978,1.0000 
937,979,1.0000 
937,980,1.0000 
937,981,1.0000 
937,982,1.0000 
937,983,1.0000 
937,984,1.0000 
937,985,1.0000 
937,986,1.0000 
937,987,1.0000 
937,988,1.0000 
937,989,1.0000 
937,990,1.0000 
937,991,1.0000 
937,992,1.0000 
937,993,1.0000 
937,994,1.0000 
938,939,1.0000 
938,940,1.0000 
938,941,1.0000 
938,942,1.0000 
938,943,1.0000 
938,944,1.0000 
938,945,1.0000 
938,946,1.0000 
938,947,1.0000 
938,948,1.0000 
938,949,1.0000 
938,950,1.0000 
938,951,1.0000 
938,952,1.0000 
938,953,1.0000 
938,954,1.0000 
938,955,1.0000 
938,956,1.0000 
938,957,1.0000 
938,958,1.0000 
938,959,1.0000 
938,960,1.0000 
938,961,1.0000 
938,962,1.0000 
938,963,1.0000 
938,964,1.0000 
938,965,1.0000 
938,966,1.0000 
938,967,1.0000 
938,968,1.0000 
938,969,1.0000 
938,970,1.0000 
938,971,1.0000 
938,972,1.0000 
938,974,1.0000 
938,975,1.0000 
938,976,1.0000 
938,977,1.0000 
938,978,1.0000 
938,979,1.0000 
938,980,1.0000 
938,981,1.0000 
938,982,1.0000 
938,983,1.0000 
938,984,1.0000 
938,985,1.0000 
938,986,1.0000 
938,987,1.0000 
938,988,1.0000 
938,989,1.0000 
938,990,1.0000 
938,991,1.0000 
938,992,1.0000 
938,993,1.0000 
938,994,1.0000 
939,940,1.0000 
939,941,1.0000 
939,942,1.0000 
939,943,1.0000 
939,945,1.0000 
939,946,1.0000 
939,947,1.0000 
939,948,1.0000 
939,949,1.0000 
939,950,1.0000 
939,951,1.0000 
939,952,1.0000 
939,953,1.0000 
939,954,1.0000 
939,955,1.0000 
939,956,1.0000 
939,957,1.0000 
939,958,1.0000 
939,959,1.0000 
939,960,1.0000 
939,961,1.0000 
939,962,1.0000 
939,963,1.0000 
939,964,1.0000 
939,965,1.0000 
939,966,1.0000 
939,967,1.0000 
939,968,1.0000 
939,969,1.0000 
939,970,1.0000 
939,971,1.0000 
939,972,1.0000 
939,974,1.0000 
939,975,1.0000 
939,976,1.0000 
939,977,1.0000 
939,978,1.0000 
939,979,1.0000 
939,980,1.0000 
939,981,1.0000 
939,982,1.0000 
939,983,1.0000 
939,984,1.0000 
939,985,1.0000 
939,986,1.0000 
939,987,1.0000 
939,988,1.0000 
939,989,1.0000 
939,990,1.0000 
939,991,1.0000 
939,992,1.0000 
939,993,1.0000 
939,994,1.0000 
940,941,1.0000 
940,942,1.0000 
940,943,1.0000 
940,944,1.0000 
940,945,1.0000 
940,946,1.0000 
940,947,1.0000 
940,948,1.0000 
940,949,1.0000 
940,950,1.0000 
940,951,1.0000 
940,952,1.0000 
940,953,1.0000 
940,954,1.0000 
940,956,1.0000 
940,957,1.0000 
940,958,1.0000 
940,959,1.0000 
940,960,1.0000 
940,961,1.0000 
940,963,1.0000 
940,964,1.0000 
940,965,1.0000 
940,966,1.0000 
940,967,1.0000 
940,968,1.0000 
940,969,1.0000 
940,970,1.0000 
940,971,1.0000 
940,972,1.0000 
940,974,1.0000 
940,975,1.0000 
940,976,1.0000 
940,977,1.0000 
940,978,1.0000 
940,979,1.0000 
940,980,1.0000 
940,981,1.0000 
940,982,1.0000 
940,983,1.0000 
940,984,1.0000 
940,985,1.0000 
940,986,1.0000 
940,987,1.0000 
940,988,1.0000 
940,989,1.0000 
940,990,1.0000 
940,991,1.0000 
940,992,1.0000 
940,993,1.0000 
940,994,1.0000 
941,942,1.0000 
941,943,1.0000 
941,944,1.0000 
941,945,1.0000 
941,946,1.0000 
941,947,1.0000 
941,948,1.0000 
941,949,1.0000 
941,950,1.0000 
941,951,1.0000 
941,952,1.0000 
941,953,1.0000 
941,954,1.0000 
941,955,1.0000 
941,956,1.0000 
941,957,1.0000 
941,958,1.0000 
941,959,1.0000 
941,960,1.0000 
941,961,1.0000 
941,962,1.0000 
941,963,1.0000 
941,964,1.0000 
941,965,1.0000 
941,966,1.0000 
941,967,1.0000 
941,968,1.0000 
941,969,1.0000 
941,970,1.0000 
941,971,1.0000 
941,972,1.0000 
941,974,1.0000 
941,975,1.0000 
941,976,1.0000 
941,977,1.0000 
941,978,1.0000 
941,979,1.0000 
941,980,1.0000 
941,981,1.0000 
941,982,1.0000 
941,983,1.0000 
941,984,1.0000 
941,985,1.0000 
941,986,1.0000 
941,987,1.0000 
941,988,1.0000 
941,989,1.0000 
941,990,1.0000 
941,991,1.0000 
941,992,1.0000 
941,993,1.0000 
941,994,1.0000 
942,943,1.0000 
942,944,1.0000 
942,945,1.0000 
942,946,1.0000 
942,947,1.0000 
942,948,1.0000 
942,949,1.0000 
942,950,1.0000 
942,951,1.0000 
942,952,1.0000 
942,953,1.0000 
942,954,1.0000 
942,955,1.0000 
942,956,1.0000 
942,957,1.0000 
942,958,1.0000 
942,959,1.0000 
942,960,1.0000 
942,961,1.0000 
942,962,1.0000 
942,963,1.0000 
942,964,1.0000 
942,965,1.0000 
942,966,1.0000 
942,967,1.0000 
942,968,1.0000 
942,969,1.0000 
942,970,1.0000 
942,971,1.0000 
942,972,1.0000 
942,974,1.0000 
942,975,1.0000 
942,976,1.0000 
942,977,1.0000 
942,978,1.0000 
942,979,1.0000 
942,980,1.0000 
942,981,1.0000 
942,982,1.0000 
942,983,1.0000 
942,984,1.0000 
942,985,1.0000 
942,986,1.0000 
942,987,1.0000 
942,988,1.0000 
942,989,1.0000 
942,990,1.0000 
942,991,1.0000 
942,992,1.0000 
942,993,1.0000 
942,994,1.0000 
943,944,1.0000 
943,945,1.0000 
943,946,1.0000 
943,947,1.0000 
943,948,1.0000 
943,949,1.0000 
943,950,1.0000 
943,951,1.0000 
943,952,1.0000 
943,953,1.0000 
943,954,1.0000 
943,955,1.0000 
943,956,1.0000 
943,957,1.0000 
943,958,1.0000 
943,959,1.0000 
943,960,1.0000 
943,961,1.0000 
943,962,1.0000 
943,963,1.0000 
943,964,1.0000 
943,965,1.0000 
943,966,1.0000 
943,967,1.0000 
943,968,1.0000 
943,969,1.0000 
943,970,1.0000 
943,971,1.0000 
943,972,1.0000 
943,974,1.0000 
943,975,1.0000 
943,976,1.0000 
943,977,1.0000 
943,978,1.0000 
943,979,1.0000 
943,980,1.0000 
943,981,1.0000 
943,982,1.0000 
943,983,1.0000 
943,984,1.0000 
943,985,1.0000 
943,986,1.0000 
943,987,1.0000 
943,988,1.0000 
943,989,1.0000 
943,990,1.0000 
943,991,1.0000 
943,992,1.0000 
943,993,1.0000 
943,994,1.0000 
944,945,1.0000 
944,946,1.0000 
944,947,1.0000 
944,948,1.0000 
944,949,1.0000 
944,950,1.0000 
944,951,1.0000 
944,952,1.0000 
944,953,1.0000 
944,954,1.0000 
944,955,1.0000 
944,956,1.0000 
944,957,1.0000 
944,958,1.0000 
944,959,1.0000 
944,960,1.0000 
944,961,1.0000 
944,962,1.0000 
944,963,1.0000 
944,964,1.0000 
944,965,1.0000 
944,966,1.0000 
944,967,1.0000 
944,968,1.0000 
944,969,1.0000 
944,970,1.0000 
944,971,1.0000 
944,972,1.0000 
944,974,1.0000 
944,975,1.0000 
944,976,1.0000 
944,977,1.0000 
944,978,1.0000 
944,979,1.0000 
944,980,1.0000 
944,981,1.0000 
944,982,1.0000 
944,983,1.0000 
944,984,1.0000 
944,985,1.0000 
944,986,1.0000 
944,987,1.0000 
944,988,1.0000 
944,989,1.0000 
944,990,1.0000 
944,991,1.0000 
944,992,1.0000 
944,993,1.0000 
944,994,1.0000 
945,946,1.0000 
945,947,1.0000 
945,948,1.0000 
945,949,1.0000 
945,950,1.0000 
945,951,1.0000 
945,952,1.0000 
945,953,1.0000 
945,954,1.0000 
945,955,1.0000 
945,956,1.0000 
945,957,1.0000 
945,958,1.0000 
945,959,1.0000 
945,960,1.0000 
945,961,1.0000 
945,962,1.0000 
945,963,1.0000 
945,964,1.0000 
945,965,1.0000 
945,966,1.0000 
945,967,1.0000 
945,968,1.0000 
945,969,1.0000 
945,970,1.0000 
945,971,1.0000 
945,972,1.0000 
945,974,1.0000 
945,975,1.0000 
945,976,1.0000 
945,977,1.0000 
945,978,1.0000 
945,979,1.0000 
945,980,1.0000 
945,981,1.0000 
945,982,1.0000 
945,983,1.0000 
945,984,1.0000 
945,985,1.0000 
945,986,1.0000 
945,987,1.0000 
945,988,1.0000 
945,989,1.0000 
945,990,1.0000 
945,991,1.0000 
945,992,1.0000 
945,993,1.0000 
945,994,1.0000 
946,947,1.0000 
946,948,1.0000 
946,949,1.0000 
946,950,1.0000 
946,951,1.0000 
946,952,1.0000 
946,953,1.0000 
946,954,1.0000 
946,955,1.0000 
946,956,1.0000 
946,957,1.0000 
946,958,1.0000 
946,959,1.0000 
946,960,1.0000 
946,961,1.0000 
946,962,1.0000 
946,963,1.0000 
946,964,1.0000 
946,965,1.0000 
946,966,1.0000 
946,967,1.0000 
946,968,1.0000 
946,969,1.0000 
946,970,1.0000 
946,971,1.0000 
946,972,1.0000 
946,974,1.0000 
946,975,1.0000 
946,976,1.0000 
946,977,1.0000 
946,978,1.0000 
946,979,1.0000 
946,980,1.0000 
946,981,1.0000 
946,982,1.0000 
946,983,1.0000 
946,984,1.0000 
946,986,1.0000 
946,987,1.0000 
946,988,1.0000 
946,989,1.0000 
946,990,1.0000 
946,991,1.0000 
946,992,1.0000 
946,993,1.0000 
946,994,1.0000 
947,948,1.0000 
947,949,1.0000 
947,950,1.0000 
947,951,1.0000 
947,952,1.0000 
947,953,1.0000 
947,954,1.0000 
947,955,1.0000 
947,956,1.0000 
947,957,1.0000 
947,958,1.0000 
947,959,1.0000 
947,960,1.0000 
947,961,1.0000 
947,962,1.0000 
947,964,1.0000 
947,965,1.0000 
947,966,1.0000 
947,967,1.0000 
947,968,1.0000 
947,969,1.0000 
947,970,1.0000 
947,971,1.0000 
947,972,1.0000 
947,974,1.0000 
947,975,1.0000 
947,976,1.0000 
947,977,1.0000 
947,978,1.0000 
947,979,1.0000 
947,980,1.0000 
947,981,1.0000 
947,982,1.0000 
947,983,1.0000 
947,984,1.0000 
947,985,1.0000 
947,986,1.0000 
947,987,1.0000 
947,988,1.0000 
947,989,1.0000 
947,990,1.0000 
947,991,1.0000 
947,992,1.0000 
947,993,1.0000 
947,994,1.0000 
948,949,1.0000 
948,950,1.0000 
948,951,1.0000 
948,952,1.0000 
948,953,1.0000 
948,954,1.0000 
948,955,1.0000 
948,956,1.0000 
948,957,1.0000 
948,958,1.0000 
948,959,1.0000 
948,960,1.0000 
948,961,1.0000 
948,962,1.0000 
948,963,1.0000 
948,964,1.0000 
948,965,1.0000 
948,966,1.0000 
948,967,1.0000 
948,968,1.0000 
948,969,1.0000 
948,970,1.0000 
948,971,1.0000 
948,972,1.0000 
948,974,1.0000 
948,975,1.0000 
948,976,1.0000 
948,977,1.0000 
948,978,1.0000 
948,979,1.0000 
948,980,1.0000 
948,981,1.0000 
948,982,1.0000 
948,983,1.0000 
948,984,1.0000 
948,985,1.0000 
948,986,1.0000 
948,987,1.0000 
948,988,1.0000 
948,989,1.0000 
948,990,1.0000 
948,991,1.0000 
948,992,1.0000 
948,993,1.0000 
948,994,1.0000 
949,950,1.0000 
949,951,1.0000 
949,952,1.0000 
949,953,1.0000 
949,954,1.0000 
949,955,1.0000 
949,956,1.0000 
949,957,1.0000 
949,958,1.0000 
949,959,1.0000 
949,960,1.0000 
949,961,1.0000 
949,962,1.0000 
949,963,1.0000 
949,965,1.0000 
949,966,1.0000 
949,967,1.0000 
949,968,1.0000 
949,970,1.0000 
949,971,1.0000 
949,972,1.0000 
949,974,1.0000 
949,975,1.0000 
949,976,1.0000 
949,977,1.0000 
949,978,1.0000 
949,979,1.0000 
949,980,1.0000 
949,981,1.0000 
949,982,1.0000 
949,983,1.0000 
949,984,1.0000 
949,985,1.0000 
949,986,1.0000 
949,987,1.0000 
949,988,1.0000 
949,989,1.0000 
949,990,1.0000 
949,991,1.0000 
949,992,1.0000 
949,993,1.0000 
949,994,1.0000 
950,951,1.0000 
950,952,1.0000 
950,953,1.0000 
950,954,1.0000 
950,955,1.0000 
950,956,1.0000 
950,957,1.0000 
950,958,1.0000 
950,959,1.0000 
950,960,1.0000 
950,961,1.0000 
950,962,1.0000 
950,963,1.0000 
950,964,1.0000 
950,965,1.0000 
950,966,1.0000 
950,967,1.0000 
950,968,1.0000 
950,969,1.0000 
950,970,1.0000 
950,971,1.0000 
950,972,1.0000 
950,974,1.0000 
950,975,1.0000 
950,976,1.0000 
950,977,1.0000 
950,978,1.0000 
950,979,1.0000 
950,980,1.0000 
950,981,1.0000 
950,982,1.0000 
950,983,1.0000 
950,984,1.0000 
950,985,1.0000 
950,986,1.0000 
950,987,1.0000 
950,988,1.0000 
950,989,1.0000 
950,990,1.0000 
950,991,1.0000 
950,992,1.0000 
950,993,1.0000 
950,994,1.0000 
951,952,1.0000 
951,953,1.0000 
951,954,1.0000 
951,955,1.0000 
951,956,1.0000 
951,957,1.0000 
951,958,1.0000 
951,959,1.0000 
951,960,1.0000 
951,961,1.0000 
951,962,1.0000 
951,963,1.0000 
951,964,1.0000 
951,965,1.0000 
951,966,1.0000 
951,967,1.0000 
951,968,1.0000 
951,969,1.0000 
951,970,1.0000 
951,971,1.0000 
951,972,1.0000 
951,974,1.0000 
951,975,1.0000 
951,976,1.0000 
951,977,1.0000 
951,978,1.0000 
951,979,1.0000 
951,980,1.0000 
951,981,1.0000 
951,982,1.0000 
951,983,1.0000 
951,984,1.0000 
951,985,1.0000 
951,986,1.0000 
951,987,1.0000 
951,988,1.0000 
951,989,1.0000 
951,990,1.0000 
951,991,1.0000 
951,992,1.0000 
951,993,1.0000 
951,994,1.0000 
952,953,1.0000 
952,954,1.0000 
952,955,1.0000 
952,956,1.0000 
952,957,1.0000 
952,958,1.0000 
952,959,1.0000 
952,960,1.0000 
952,961,1.0000 
952,962,1.0000 
952,963,1.0000 
952,964,1.0000 
952,965,1.0000 
952,966,1.0000 
952,967,1.0000 
952,968,1.0000 
952,969,1.0000 
952,970,1.0000 
952,971,1.0000 
952,972,1.0000 
952,974,1.0000 
952,975,1.0000 
952,976,1.0000 
952,977,1.0000 
952,978,1.0000 
952,979,1.0000 
952,980,1.0000 
952,981,1.0000 
952,982,1.0000 
952,983,1.0000 
952,984,1.0000 
952,985,1.0000 
952,986,1.0000 
952,987,1.0000 
952,988,1.0000 
952,989,1.0000 
952,990,1.0000 
952,991,1.0000 
952,992,1.0000 
952,993,1.0000 
952,994,1.0000 
953,954,1.0000 
953,955,1.0000 
953,956,1.0000 
953,957,1.0000 
953,958,1.0000 
953,959,1.0000 
953,960,1.0000 
953,961,1.0000 
953,962,1.0000 
953,963,1.0000 
953,964,1.0000 
953,965,1.0000 
953,966,1.0000 
953,967,1.0000 
953,968,1.0000 
953,969,1.0000 
953,970,1.0000 
953,971,1.0000 
953,972,1.0000 
953,974,1.0000 
953,975,1.0000 
953,976,1.0000 
953,977,1.0000 
953,978,1.0000 
953,979,1.0000 
953,980,1.0000 
953,981,1.0000 
953,982,1.0000 
953,983,1.0000 
953,984,1.0000 
953,985,1.0000 
953,986,1.0000 
953,987,1.0000 
953,988,1.0000 
953,989,1.0000 
953,990,1.0000 
953,991,1.0000 
953,992,1.0000 
953,993,1.0000 
953,994,1.0000 
954,955,1.0000 
954,956,1.0000 
954,957,1.0000 
954,958,1.0000 
954,959,1.0000 
954,960,1.0000 
954,961,1.0000 
954,962,1.0000 
954,963,1.0000 
954,964,1.0000 
954,965,1.0000 
954,966,1.0000 
954,967,1.0000 
954,968,1.0000 
954,969,1.0000 
954,970,1.0000 
954,971,1.0000 
954,972,1.0000 
954,974,1.0000 
954,975,1.0000 
954,976,1.0000 
954,977,1.0000 
954,978,1.0000 
954,979,1.0000 
954,980,1.0000 
954,981,1.0000 
954,982,1.0000 
954,983,1.0000 
954,984,1.0000 
954,985,1.0000 
954,986,1.0000 
954,987,1.0000 
954,988,1.0000 
954,989,1.0000 
954,990,1.0000 
954,991,1.0000 
954,992,1.0000 
954,993,1.0000 
954,994,1.0000 
955,956,1.0000 
955,957,1.0000 
955,958,1.0000 
955,959,1.0000 
955,960,1.0000 
955,961,1.0000 
955,963,1.0000 
955,964,1.0000 
955,965,1.0000 
955,966,1.0000 
955,967,1.0000 
955,968,1.0000 
955,969,1.0000 
955,970,1.0000 
955,971,1.0000 
955,972,1.0000 
955,974,1.0000 
955,975,1.0000 
955,976,1.0000 
955,977,1.0000 
955,978,1.0000 
955,979,1.0000 
955,980,1.0000 
955,981,1.0000 
955,982,1.0000 
955,983,1.0000 
955,984,1.0000 
955,985,1.0000 
955,986,1.0000 
955,987,1.0000 
955,988,1.0000 
955,989,1.0000 
955,990,1.0000 
955,991,1.0000 
955,992,1.0000 
955,993,1.0000 
955,994,1.0000 
956,957,1.0000 
956,958,1.0000 
956,959,1.0000 
956,960,1.0000 
956,961,1.0000 
956,962,1.0000 
956,963,1.0000 
956,964,1.0000 
956,965,1.0000 
956,966,1.0000 
956,967,1.0000 
956,968,1.0000 
956,969,1.0000 
956,970,1.0000 
956,971,1.0000 
956,972,1.0000 
956,974,1.0000 
956,975,1.0000 
956,976,1.0000 
956,977,1.0000 
956,978,1.0000 
956,979,1.0000 
956,980,1.0000 
956,981,1.0000 
956,982,1.0000 
956,983,1.0000 
956,984,1.0000 
956,985,1.0000 
956,986,1.0000 
956,987,1.0000 
956,988,1.0000 
956,989,1.0000 
956,990,1.0000 
956,991,1.0000 
956,992,1.0000 
956,993,1.0000 
956,994,1.0000 
957,958,1.0000 
957,959,1.0000 
957,960,1.0000 
957,961,1.0000 
957,962,1.0000 
957,963,1.0000 
957,964,1.0000 
957,965,1.0000 
957,966,1.0000 
957,967,1.0000 
957,968,1.0000 
957,969,1.0000 
957,970,1.0000 
957,971,1.0000 
957,972,1.0000 
957,974,1.0000 
957,975,1.0000 
957,976,1.0000 
957,977,1.0000 
957,978,1.0000 
957,979,1.0000 
957,980,1.0000 
957,981,1.0000 
957,982,1.0000 
957,983,1.0000 
957,984,1.0000 
957,985,1.0000 
957,986,1.0000 
957,987,1.0000 
957,988,1.0000 
957,989,1.0000 
957,990,1.0000 
957,991,1.0000 
957,992,1.0000 
957,993,1.0000 
957,994,1.0000 
958,959,1.0000 
958,960,1.0000 
958,961,1.0000 
958,962,1.0000 
958,963,1.0000 
958,964,1.0000 
958,965,1.0000 
958,966,1.0000 
958,967,1.0000 
958,968,1.0000 
958,969,1.0000 
958,970,1.0000 
958,971,1.0000 
958,974,1.0000 
958,975,1.0000 
958,976,1.0000 
958,977,1.0000 
958,978,1.0000 
958,979,1.0000 
958,980,1.0000 
958,981,1.0000 
958,982,1.0000 
958,983,1.0000 
958,984,1.0000 
958,985,1.0000 
958,986,1.0000 
958,987,1.0000 
958,988,1.0000 
958,989,1.0000 
958,990,1.0000 
958,991,1.0000 
958,992,1.0000 
958,993,1.0000 
958,994,1.0000 
959,960,1.0000 
959,961,1.0000 
959,962,1.0000 
959,963,1.0000 
959,964,1.0000 
959,965,1.0000 
959,966,1.0000 
959,967,1.0000 
959,968,1.0000 
959,969,1.0000 
959,970,1.0000 
959,971,1.0000 
959,972,1.0000 
959,974,1.0000 
959,975,1.0000 
959,976,1.0000 
959,977,1.0000 
959,978,1.0000 
959,979,1.0000 
959,980,1.0000 
959,981,1.0000 
959,982,1.0000 
959,983,1.0000 
959,984,1.0000 
959,985,1.0000 
959,986,1.0000 
959,987,1.0000 
959,988,1.0000 
959,989,1.0000 
959,990,1.0000 
959,991,1.0000 
959,992,1.0000 
959,993,1.0000 
959,994,1.0000 
960,962,1.0000 
960,963,1.0000 
960,964,1.0000 
960,965,1.0000 
960,966,1.0000 
960,967,1.0000 
960,968,1.0000 
960,969,1.0000 
960,970,1.0000 
960,971,1.0000 
960,972,1.0000 
960,974,1.0000 
960,975,1.0000 
960,976,1.0000 
960,977,1.0000 
960,978,1.0000 
960,979,1.0000 
960,980,1.0000 
960,981,1.0000 
960,982,1.0000 
960,983,1.0000 
960,984,1.0000 
960,985,1.0000 
960,986,1.0000 
960,987,1.0000 
960,988,1.0000 
960,989,1.0000 
960,990,1.0000 
960,991,1.0000 
960,992,1.0000 
960,993,1.0000 
960,994,1.0000 
961,962,1.0000 
961,963,1.0000 
961,964,1.0000 
961,965,1.0000 
961,966,1.0000 
961,967,1.0000 
961,968,1.0000 
961,969,1.0000 
961,970,1.0000 
961,971,1.0000 
961,972,1.0000 
961,974,1.0000 
961,975,1.0000 
961,976,1.0000 
961,977,1.0000 
961,978,1.0000 
961,979,1.0000 
961,980,1.0000 
961,981,1.0000 
961,982,1.0000 
961,983,1.0000 
961,984,1.0000 
961,985,1.0000 
961,986,1.0000 
961,987,1.0000 
961,988,1.0000 
961,989,1.0000 
961,990,1.0000 
961,991,1.0000 
961,992,1.0000 
961,993,1.0000 
961,994,1.0000 
962,963,1.0000 
962,964,1.0000 
962,965,1.0000 
962,966,1.0000 
962,967,1.0000 
962,968,1.0000 
962,969,1.0000 
962,970,1.0000 
962,971,1.0000 
962,972,1.0000 
962,974,1.0000 
962,975,1.0000 
962,976,1.0000 
962,977,1.0000 
962,978,1.0000 
962,979,1.0000 
962,980,1.0000 
962,981,1.0000 
962,982,1.0000 
962,983,1.0000 
962,984,1.0000 
962,985,1.0000 
962,986,1.0000 
962,987,1.0000 
962,988,1.0000 
962,989,1.0000 
962,990,1.0000 
962,991,1.0000 
962,992,1.0000 
962,993,1.0000 
962,994,1.0000 
963,964,1.0000 
963,965,1.0000 
963,966,1.0000 
963,967,1.0000 
963,968,1.0000 
963,969,1.0000 
963,970,1.0000 
963,971,1.0000 
963,972,1.0000 
963,974,1.0000 
963,975,1.0000 
963,976,1.0000 
963,977,1.0000 
963,978,1.0000 
963,979,1.0000 
963,980,1.0000 
963,981,1.0000 
963,982,1.0000 
963,983,1.0000 
963,984,1.0000 
963,985,1.0000 
963,986,1.0000 
963,987,1.0000 
963,988,1.0000 
963,989,1.0000 
963,990,1.0000 
963,991,1.0000 
963,992,1.0000 
963,993,1.0000 
963,994,1.0000 
964,965,1.0000 
964,966,1.0000 
964,967,1.0000 
964,968,1.0000 
964,970,1.0000 
964,971,1.0000 
964,972,1.0000 
964,974,1.0000 
964,975,1.0000 
964,976,1.0000 
964,977,1.0000 
964,978,1.0000 
964,979,1.0000 
964,980,1.0000 
964,981,1.0000 
964,982,1.0000 
964,983,1.0000 
964,984,1.0000 
964,985,1.0000 
964,986,1.0000 
964,987,1.0000 
964,988,1.0000 
964,989,1.0000 
964,990,1.0000 
964,991,1.0000 
964,992,1.0000 
964,993,1.0000 
964,994,1.0000 
965,966,1.0000 
965,967,1.0000 
965,968,1.0000 
965,969,1.0000 
965,970,1.0000 
965,971,1.0000 
965,972,1.0000 
965,974,1.0000 
965,975,1.0000 
965,976,1.0000 
965,977,1.0000 
965,978,1.0000 
965,979,1.0000 
965,980,1.0000 
965,981,1.0000 
965,982,1.0000 
965,983,1.0000 
965,984,1.0000 
965,985,1.0000 
965,986,1.0000 
965,987,1.0000 
965,988,1.0000 
965,989,1.0000 
965,990,1.0000 
965,991,1.0000 
965,992,1.0000 
965,993,1.0000 
965,994,1.0000 
966,967,1.0000 
966,968,1.0000 
966,969,1.0000 
966,970,1.0000 
966,971,1.0000 
966,972,1.0000 
966,974,1.0000 
966,975,1.0000 
966,976,1.0000 
966,978,1.0000 
966,979,1.0000 
966,980,1.0000 
966,981,1.0000 
966,982,1.0000 
966,983,1.0000 
966,984,1.0000 
966,985,1.0000 
966,986,1.0000 
966,987,1.0000 
966,988,1.0000 
966,989,1.0000 
966,991,1.0000 
966,992,1.0000 
966,993,1.0000 
966,994,1.0000 
967,968,1.0000 
967,969,1.0000 
967,970,1.0000 
967,971,1.0000 
967,972,1.0000 
967,974,1.0000 
967,975,1.0000 
967,976,1.0000 
967,977,1.0000 
967,978,1.0000 
967,979,1.0000 
967,980,1.0000 
967,981,1.0000 
967,982,1.0000 
967,983,1.0000 
967,984,1.0000 
967,985,1.0000 
967,986,1.0000 
967,987,1.0000 
967,988,1.0000 
967,989,1.0000 
967,990,1.0000 
967,991,1.0000 
967,992,1.0000 
967,993,1.0000 
967,994,1.0000 
968,969,1.0000 
968,970,1.0000 
968,971,1.0000 
968,972,1.0000 
968,974,1.0000 
968,975,1.0000 
968,976,1.0000 
968,977,1.0000 
968,978,1.0000 
968,979,1.0000 
968,980,1.0000 
968,981,1.0000 
968,982,1.0000 
968,983,1.0000 
968,984,1.0000 
968,985,1.0000 
968,986,1.0000 
968,987,1.0000 
968,988,1.0000 
968,989,1.0000 
968,990,1.0000 
968,991,1.0000 
968,992,1.0000 
968,993,1.0000 
968,994,1.0000 
969,970,1.0000 
969,971,1.0000 
969,972,1.0000 
969,974,1.0000 
969,975,1.0000 
969,976,1.0000 
969,977,1.0000 
969,978,1.0000 
969,979,1.0000 
969,980,1.0000 
969,981,1.0000 
969,982,1.0000 
969,983,1.0000 
969,984,1.0000 
969,985,1.0000 
969,986,1.0000 
969,987,1.0000 
969,988,1.0000 
969,989,1.0000 
969,990,1.0000 
969,991,1.0000 
969,992,1.0000 
969,993,1.0000 
969,994,1.0000 
970,971,1.0000 
970,972,1.0000 
970,974,1.0000 
970,975,1.0000 
970,976,1.0000 
970,977,1.0000 
970,978,1.0000 
970,979,1.0000 
970,980,1.0000 
970,981,1.0000 
970,982,1.0000 
970,983,1.0000 
970,984,1.0000 
970,985,1.0000 
970,986,1.0000 
970,987,1.0000 
970,988,1.0000 
970,989,1.0000 
970,990,1.0000 
970,991,1.0000 
970,992,1.0000 
970,993,1.0000 
970,994,1.0000 
971,972,1.0000 
971,974,1.0000 
971,975,1.0000 
971,976,1.0000 
971,977,1.0000 
971,978,1.0000 
971,979,1.0000 
971,980,1.0000 
971,981,1.0000 
971,982,1.0000 
971,983,1.0000 
971,984,1.0000 
971,985,1.0000 
971,986,1.0000 
971,987,1.0000 
971,988,1.0000 
971,989,1.0000 
971,990,1.0000 
971,991,1.0000 
971,992,1.0000 
971,993,1.0000 
971,994,1.0000 
972,974,1.0000 
972,975,1.0000 
972,976,1.0000 
972,977,1.0000 
972,978,1.0000 
972,979,1.0000 
972,980,1.0000 
972,981,1.0000 
972,982,1.0000 
972,983,1.0000 
972,984,1.0000 
972,985,1.0000 
972,986,1.0000 
972,987,1.0000 
972,988,1.0000 
972,989,1.0000 
972,990,1.0000 
972,991,1.0000 
972,992,1.0000 
972,993,1.0000 
972,994,1.0000 
974,975,1.0000 
974,976,1.0000 
974,977,1.0000 
974,978,1.0000 
974,980,1.0000 
974,981,1.0000 
974,982,1.0000 
974,983,1.0000 
974,984,1.0000 
974,985,1.0000 
974,986,1.0000 
974,987,1.0000 
974,988,1.0000 
974,989,1.0000 
974,990,1.0000 
974,991,1.0000 
974,992,1.0000 
974,993,1.0000 
974,994,1.0000 
975,976,1.0000 
975,977,1.0000 
975,978,1.0000 
975,979,1.0000 
975,980,1.0000 
975,981,1.0000 
975,982,1.0000 
975,983,1.0000 
975,984,1.0000 
975,985,1.0000 
975,986,1.0000 
975,987,1.0000 
975,988,1.0000 
975,989,1.0000 
975,990,1.0000 
975,991,1.0000 
975,992,1.0000 
975,993,1.0000 
975,994,1.0000 
976,977,1.0000 
976,978,1.0000 
976,979,1.0000 
976,980,1.0000 
976,981,1.0000 
976,982,1.0000 
976,983,1.0000 
976,984,1.0000 
976,985,1.0000 
976,986,1.0000 
976,987,1.0000 
976,988,1.0000 
976,989,1.0000 
976,990,1.0000 
976,991,1.0000 
976,992,1.0000 
976,993,1.0000 
976,994,1.0000 
977,978,1.0000 
977,979,1.0000 
977,980,1.0000 
977,981,1.0000 
977,982,1.0000 
977,983,1.0000 
977,984,1.0000 
977,985,1.0000 
977,986,1.0000 
977,987,1.0000 
977,988,1.0000 
977,989,1.0000 
977,991,1.0000 
977,992,1.0000 
977,993,1.0000 
977,994,1.0000 
978,979,1.0000 
978,980,1.0000 
978,981,1.0000 
978,982,1.0000 
978,983,1.0000 
978,984,1.0000 
978,985,1.0000 
978,986,1.0000 
978,987,1.0000 
978,988,1.0000 
978,989,1.0000 
978,990,1.0000 
978,991,1.0000 
978,992,1.0000 
978,993,1.0000 
978,994,1.0000 
979,980,1.0000 
979,981,1.0000 
979,982,1.0000 
979,983,1.0000 
979,984,1.0000 
979,985,1.0000 
979,986,1.0000 
979,987,1.0000 
979,988,1.0000 
979,989,1.0000 
979,990,1.0000 
979,991,1.0000 
979,992,1.0000 
979,993,1.0000 
979,994,1.0000 
980,981,1.0000 
980,982,1.0000 
980,983,1.0000 
980,984,1.0000 
980,985,1.0000 
980,986,1.0000 
980,987,1.0000 
980,988,1.0000 
980,989,1.0000 
980,990,1.0000 
980,991,1.0000 
980,992,1.0000 
980,993,1.0000 
980,994,1.0000 
981,982,1.0000 
981,983,1.0000 
981,984,1.0000 
981,985,1.0000 
981,986,1.0000 
981,987,1.0000 
981,988,1.0000 
981,989,1.0000 
981,990,1.0000 
981,991,1.0000 
981,992,1.0000 
981,993,1.0000 
981,994,1.0000 
982,983,1.0000 
982,984,1.0000 
982,985,1.0000 
982,986,1.0000 
982,987,1.0000 
982,988,1.0000 
982,989,1.0000 
982,990,1.0000 
982,991,1.0000 
982,992,1.0000 
982,993,1.0000 
982,994,1.0000 
983,984,1.0000 
983,985,1.0000 
983,986,1.0000 
983,987,1.0000 
983,988,1.0000 
983,989,1.0000 
983,990,1.0000 
983,991,1.0000 
983,992,1.0000 
983,993,1.0000 
983,994,1.0000 
984,985,1.0000 
984,986,1.0000 
984,987,1.0000 
984,988,1.0000 
984,989,1.0000 
984,990,1.0000 
984,991,1.0000 
984,992,1.0000 
984,993,1.0000 
984,994,1.0000 
985,986,1.0000 
985,987,1.0000 
985,988,1.0000 
985,989,1.0000 
985,990,1.0000 
985,991,1.0000 
985,992,1.0000 
985,993,1.0000 
985,994,1.0000 
986,987,1.0000 
986,988,1.0000 
986,989,1.0000 
986,990,1.0000 
986,991,1.0000 
986,992,1.0000 
986,993,1.0000 
986,994,1.0000 
987,988,1.0000 
987,989,1.0000 
987,990,1.0000 
987,991,1.0000 
987,992,1.0000 
987,993,1.0000 
987,994,1.0000 
988,989,1.0000 
988,990,1.0000 
988,991,1.0000 
988,992,1.0000 
988,993,1.0000 
988,994,1.0000 
989,990,1.0000 
989,991,1.0000 
989,992,1.0000 
989,993,1.0000 
989,994,1.0000 
990,991,1.0000 
990,992,1.0000 
990,993,1.0000 
990,994,1.0000 
991,992,1.0000 
991,993,1.0000 
991,994,1.0000 
992,993,1.0000 
992,994,1.0000 
993,994,1.0000 
