Layer 1
100
4918
715
782
801
806
822
823
824
825
826
827
828
829
830
831
832
833
834
835
836
837
838
839
840
841
842
843
844
845
846
847
848
849
850
851
852
853
854
855
856
857
858
859
860
861
862
863
864
865
866
867
868
869
871
872
873
874
875
876
877
878
879
880
881
882
883
884
885
886
887
888
889
890
891
892
893
894
895
896
897
898
899
900
901
902
903
904
905
906
907
908
909
910
911
912
913
914
915
916
917
918
715,782,1.0000 
715,801,1.0000 
715,806,1.0000 
715,822,1.0000 
715,823,1.0000 
715,824,1.0000 
715,825,1.0000 
715,826,1.0000 
715,827,1.0000 
715,828,1.0000 
715,829,1.0000 
715,830,1.0000 
715,831,1.0000 
715,832,1.0000 
715,833,1.0000 
715,834,1.0000 
715,835,1.0000 
715,836,1.0000 
715,837,1.0000 
715,838,1.0000 
715,839,1.0000 
715,840,1.0000 
715,841,1.0000 
715,842,1.0000 
715,843,1.0000 
715,844,1.0000 
715,845,1.0000 
715,846,1.0000 
715,847,1.0000 
715,848,1.0000 
715,849,1.0000 
715,850,1.0000 
715,851,1.0000 
715,852,1.0000 
715,853,1.0000 
715,854,1.0000 
715,855,1.0000 
715,856,1.0000 
715,857,1.0000 
715,858,1.0000 
715,859,1.0000 
715,860,1.0000 
715,861,1.0000 
715,862,1.0000 
715,863,1.0000 
715,864,1.0000 
715,865,1.0000 
715,866,1.0000 
715,867,1.0000 
715,868,1.0000 
715,869,1.0000 
715,871,1.0000 
715,872,1.0000 
715,873,1.0000 
715,874,1.0000 
715,875,1.0000 
715,876,1.0000 
715,877,1.0000 
715,878,1.0000 
715,879,1.0000 
715,880,1.0000 
715,881,1.0000 
715,882,1.0000 
715,883,1.0000 
715,884,1.0000 
715,885,1.0000 
715,886,1.0000 
715,887,1.0000 
715,888,1.0000 
715,889,1.0000 
715,890,1.0000 
715,891,1.0000 
715,892,1.0000 
715,893,1.0000 
715,894,1.0000 
715,895,1.0000 
715,896,1.0000 
715,897,1.0000 
715,898,1.0000 
715,899,1.0000 
715,900,1.0000 
715,901,1.0000 
715,902,1.0000 
715,903,1.0000 
715,904,1.0000 
715,905,1.0000 
715,906,1.0000 
715,907,1.0000 
715,908,1.0000 
715,910,1.0000 
715,911,1.0000 
715,912,1.0000 
715,913,1.0000 
715,914,1.0000 
715,915,1.0000 
715,916,1.0000 
715,917,1.0000 
715,918,1.0000 
782,801,1.0000 
782,806,1.0000 
782,822,1.0000 
782,823,1.0000 
782,824,1.0000 
782,825,1.0000 
782,826,1.0000 
782,827,1.0000 
782,828,1.0000 
782,829,1.0000 
782,830,1.0000 
782,831,1.0000 
782,832,1.0000 
782,833,1.0000 
782,834,1.0000 
782,835,1.0000 
782,836,1.0000 
782,837,1.0000 
782,838,1.0000 
782,839,1.0000 
782,840,1.0000 
782,841,1.0000 
782,842,1.0000 
782,843,1.0000 
782,844,1.0000 
782,845,1.0000 
782,846,1.0000 
782,847,1.0000 
782,848,1.0000 
782,849,1.0000 
782,850,1.0000 
782,851,1.0000 
782,852,1.0000 
782,853,1.0000 
782,854,1.0000 
782,855,1.0000 
782,856,1.0000 
782,857,1.0000 
782,858,1.0000 
782,859,1.0000 
782,860,1.0000 
782,861,1.0000 
782,862,1.0000 
782,863,1.0000 
782,864,1.0000 
782,865,1.0000 
782,866,1.0000 
782,867,1.0000 
782,868,1.0000 
782,869,1.0000 
782,871,1.0000 
782,872,1.0000 
782,873,1.0000 
782,874,1.0000 
782,875,1.0000 
782,876,1.0000 
782,877,1.0000 
782,878,1.0000 
782,879,1.0000 
782,880,1.0000 
782,881,1.0000 
782,882,1.0000 
782,883,1.0000 
782,884,1.0000 
782,885,1.0000 
782,886,1.0000 
782,887,1.0000 
782,888,1.0000 
782,889,1.0000 
782,890,1.0000 
782,891,1.0000 
782,892,1.0000 
782,893,1.0000 
782,894,1.0000 
782,895,1.0000 
782,896,1.0000 
782,897,1.0000 
782,898,1.0000 
782,899,1.0000 
782,900,1.0000 
782,901,1.0000 
782,902,1.0000 
782,903,1.0000 
782,904,1.0000 
782,905,1.0000 
782,906,1.0000 
782,907,1.0000 
782,908,1.0000 
782,909,1.0000 
782,910,1.0000 
782,911,1.0000 
782,912,1.0000 
782,913,1.0000 
782,914,1.0000 
782,915,1.0000 
782,916,1.0000 
782,917,1.0000 
782,918,1.0000 
801,806,1.0000 
801,822,1.0000 
801,823,1.0000 
801,824,1.0000 
801,825,1.0000 
801,826,1.0000 
801,827,1.0000 
801,828,1.0000 
801,829,1.0000 
801,830,1.0000 
801,831,1.0000 
801,832,1.0000 
801,833,1.0000 
801,834,1.0000 
801,835,1.0000 
801,836,1.0000 
801,837,1.0000 
801,838,1.0000 
801,839,1.0000 
801,840,1.0000 
801,841,1.0000 
801,842,1.0000 
801,843,1.0000 
801,844,1.0000 
801,845,1.0000 
801,846,1.0000 
801,847,1.0000 
801,848,1.0000 
801,849,1.0000 
801,850,1.0000 
801,851,1.0000 
801,852,1.0000 
801,853,1.0000 
801,854,1.0000 
801,855,1.0000 
801,856,1.0000 
801,857,1.0000 
801,858,1.0000 
801,859,1.0000 
801,860,1.0000 
801,861,1.0000 
801,862,1.0000 
801,863,1.0000 
801,864,1.0000 
801,865,1.0000 
801,866,1.0000 
801,867,1.0000 
801,868,1.0000 
801,869,1.0000 
801,871,1.0000 
801,872,1.0000 
801,874,1.0000 
801,875,1.0000 
801,876,1.0000 
801,877,1.0000 
801,878,1.0000 
801,879,1.0000 
801,880,1.0000 
801,881,1.0000 
801,882,1.0000 
801,883,1.0000 
801,884,1.0000 
801,885,1.0000 
801,886,1.0000 
801,887,1.0000 
801,888,1.0000 
801,889,1.0000 
801,890,1.0000 
801,891,1.0000 
801,892,1.0000 
801,893,1.0000 
801,894,1.0000 
801,895,1.0000 
801,896,1.0000 
801,897,1.0000 
801,898,1.0000 
801,899,1.0000 
801,900,1.0000 
801,901,1.0000 
801,902,1.0000 
801,903,1.0000 
801,904,1.0000 
801,905,1.0000 
801,906,1.0000 
801,907,1.0000 
801,908,1.0000 
801,909,1.0000 
801,910,1.0000 
801,911,1.0000 
801,912,1.0000 
801,913,1.0000 
801,914,1.0000 
801,915,1.0000 
801,916,1.0000 
801,917,1.0000 
801,918,1.0000 
806,822,1.0000 
806,823,1.0000 
806,824,1.0000 
806,825,1.0000 
806,826,1.0000 
806,827,1.0000 
806,828,1.0000 
806,829,1.0000 
806,831,1.0000 
806,832,1.0000 
806,833,1.0000 
806,834,1.0000 
806,835,1.0000 
806,836,1.0000 
806,837,1.0000 
806,838,1.0000 
806,839,1.0000 
806,840,1.0000 
806,841,1.0000 
806,842,1.0000 
806,843,1.0000 
806,844,1.0000 
806,845,1.0000 
806,846,1.0000 
806,847,1.0000 
806,848,1.0000 
806,849,1.0000 
806,850,1.0000 
806,851,1.0000 
806,852,1.0000 
806,853,1.0000 
806,854,1.0000 
806,855,1.0000 
806,856,1.0000 
806,857,1.0000 
806,858,1.0000 
806,859,1.0000 
806,860,1.0000 
806,861,1.0000 
806,862,1.0000 
806,863,1.0000 
806,864,1.0000 
806,865,1.0000 
806,866,1.0000 
806,867,1.0000 
806,868,1.0000 
806,869,1.0000 
806,871,1.0000 
806,872,1.0000 
806,873,1.0000 
806,874,1.0000 
806,875,1.0000 
806,876,1.0000 
806,877,1.0000 
806,878,1.0000 
806,879,1.0000 
806,880,1.0000 
806,881,1.0000 
806,882,1.0000 
806,883,1.0000 
806,884,1.0000 
806,885,1.0000 
806,886,1.0000 
806,887,1.0000 
806,888,1.0000 
806,889,1.0000 
806,890,1.0000 
806,891,1.0000 
806,892,1.0000 
806,893,1.0000 
806,894,1.0000 
806,895,1.0000 
806,896,1.0000 
806,897,1.0000 
806,898,1.0000 
806,899,1.0000 
806,900,1.0000 
806,901,1.0000 
806,902,1.0000 
806,903,1.0000 
806,904,1.0000 
806,905,1.0000 
806,906,1.0000 
806,907,1.0000 
806,908,1.0000 
806,909,1.0000 
806,910,1.0000 
806,911,1.0000 
806,912,1.0000 
806,913,1.0000 
806,914,1.0000 
806,915,1.0000 
806,916,1.0000 
806,917,1.0000 
806,918,1.0000 
822,823,1.0000 
822,824,1.0000 
822,825,1.0000 
822,826,1.0000 
822,827,1.0000 
822,828,1.0000 
822,829,1.0000 
822,830,1.0000 
822,831,1.0000 
822,832,1.0000 
822,833,1.0000 
822,834,1.0000 
822,835,1.0000 
822,836,1.0000 
822,837,1.0000 
822,838,1.0000 
822,839,1.0000 
822,840,1.0000 
822,841,1.0000 
822,842,1.0000 
822,843,1.0000 
822,844,1.0000 
822,845,1.0000 
822,846,1.0000 
822,847,1.0000 
822,848,1.0000 
822,849,1.0000 
822,850,1.0000 
822,851,1.0000 
822,852,1.0000 
822,853,1.0000 
822,854,1.0000 
822,855,1.0000 
822,856,1.0000 
822,857,1.0000 
822,858,1.0000 
822,859,1.0000 
822,860,1.0000 
822,861,1.0000 
822,862,1.0000 
822,863,1.0000 
822,864,1.0000 
822,865,1.0000 
822,866,1.0000 
822,867,1.0000 
822,868,1.0000 
822,869,1.0000 
822,871,1.0000 
822,872,1.0000 
822,873,1.0000 
822,874,1.0000 
822,875,1.0000 
822,876,1.0000 
822,877,1.0000 
822,878,1.0000 
822,879,1.0000 
822,880,1.0000 
822,881,1.0000 
822,882,1.0000 
822,883,1.0000 
822,884,1.0000 
822,885,1.0000 
822,886,1.0000 
822,887,1.0000 
822,888,1.0000 
822,889,1.0000 
822,890,1.0000 
822,891,1.0000 
822,892,1.0000 
822,893,1.0000 
822,894,1.0000 
822,895,1.0000 
822,896,1.0000 
822,897,1.0000 
822,898,1.0000 
822,899,1.0000 
822,900,1.0000 
822,901,1.0000 
822,902,1.0000 
822,903,1.0000 
822,904,1.0000 
822,905,1.0000 
822,906,1.0000 
822,907,1.0000 
822,908,1.0000 
822,909,1.0000 
822,910,1.0000 
822,911,1.0000 
822,912,1.0000 
822,913,1.0000 
822,914,1.0000 
822,915,1.0000 
822,916,1.0000 
822,917,1.0000 
822,918,1.0000 
823,824,1.0000 
823,825,1.0000 
823,826,1.0000 
823,827,1.0000 
823,828,1.0000 
823,829,1.0000 
823,830,1.0000 
823,831,1.0000 
823,832,1.0000 
823,833,1.0000 
823,834,1.0000 
823,835,1.0000 
823,836,1.0000 
823,837,1.0000 
823,838,1.0000 
823,839,1.0000 
823,840,1.0000 
823,841,1.0000 
823,842,1.0000 
823,843,1.0000 
823,844,1.0000 
823,845,1.0000 
823,846,1.0000 
823,847,1.0000 
823,848,1.0000 
823,849,1.0000 
823,850,1.0000 
823,851,1.0000 
823,852,1.0000 
823,853,1.0000 
823,854,1.0000 
823,855,1.0000 
823,856,1.0000 
823,857,1.0000 
823,858,1.0000 
823,859,1.0000 
823,860,1.0000 
823,861,1.0000 
823,862,1.0000 
823,863,1.0000 
823,864,1.0000 
823,865,1.0000 
823,866,1.0000 
823,867,1.0000 
823,868,1.0000 
823,869,1.0000 
823,871,1.0000 
823,872,1.0000 
823,873,1.0000 
823,874,1.0000 
823,875,1.0000 
823,876,1.0000 
823,877,1.0000 
823,878,1.0000 
823,879,1.0000 
823,880,1.0000 
823,881,1.0000 
823,882,1.0000 
823,883,1.0000 
823,884,1.0000 
823,885,1.0000 
823,886,1.0000 
823,887,1.0000 
823,888,1.0000 
823,889,1.0000 
823,890,1.0000 
823,891,1.0000 
823,892,1.0000 
823,893,1.0000 
823,894,1.0000 
823,895,1.0000 
823,896,1.0000 
823,897,1.0000 
823,898,1.0000 
823,899,1.0000 
823,900,1.0000 
823,901,1.0000 
823,902,1.0000 
823,903,1.0000 
823,904,1.0000 
823,905,1.0000 
823,906,1.0000 
823,907,1.0000 
823,908,1.0000 
823,909,1.0000 
823,910,1.0000 
823,911,1.0000 
823,912,1.0000 
823,913,1.0000 
823,914,1.0000 
823,915,1.0000 
823,916,1.0000 
823,917,1.0000 
823,918,1.0000 
824,825,1.0000 
824,826,1.0000 
824,827,1.0000 
824,828,1.0000 
824,829,1.0000 
824,830,1.0000 
824,831,1.0000 
824,832,1.0000 
824,833,1.0000 
824,834,1.0000 
824,835,1.0000 
824,836,1.0000 
824,837,1.0000 
824,838,1.0000 
824,839,1.0000 
824,840,1.0000 
824,841,1.0000 
824,842,1.0000 
824,843,1.0000 
824,844,1.0000 
824,845,1.0000 
824,846,1.0000 
824,847,1.0000 
824,848,1.0000 
824,849,1.0000 
824,850,1.0000 
824,851,1.0000 
824,852,1.0000 
824,853,1.0000 
824,854,1.0000 
824,855,1.0000 
824,856,1.0000 
824,857,1.0000 
824,858,1.0000 
824,859,1.0000 
824,860,1.0000 
824,861,1.0000 
824,862,1.0000 
824,863,1.0000 
824,864,1.0000 
824,865,1.0000 
824,866,1.0000 
824,867,1.0000 
824,868,1.0000 
824,869,1.0000 
824,871,1.0000 
824,872,1.0000 
824,873,1.0000 
824,874,1.0000 
824,875,1.0000 
824,876,1.0000 
824,877,1.0000 
824,878,1.0000 
824,879,1.0000 
824,880,1.0000 
824,881,1.0000 
824,882,1.0000 
824,883,1.0000 
824,884,1.0000 
824,885,1.0000 
824,886,1.0000 
824,887,1.0000 
824,888,1.0000 
824,889,1.0000 
824,890,1.0000 
824,891,1.0000 
824,892,1.0000 
824,893,1.0000 
824,894,1.0000 
824,895,1.0000 
824,896,1.0000 
824,897,1.0000 
824,898,1.0000 
824,899,1.0000 
824,900,1.0000 
824,901,1.0000 
824,902,1.0000 
824,903,1.0000 
824,904,1.0000 
824,905,1.0000 
824,906,1.0000 
824,907,1.0000 
824,908,1.0000 
824,909,1.0000 
824,910,1.0000 
824,911,1.0000 
824,912,1.0000 
824,913,1.0000 
824,914,1.0000 
824,915,1.0000 
824,916,1.0000 
824,917,1.0000 
824,918,1.0000 
825,826,1.0000 
825,827,1.0000 
825,828,1.0000 
825,829,1.0000 
825,830,1.0000 
825,831,1.0000 
825,832,1.0000 
825,833,1.0000 
825,834,1.0000 
825,835,1.0000 
825,836,1.0000 
825,837,1.0000 
825,838,1.0000 
825,839,1.0000 
825,840,1.0000 
825,841,1.0000 
825,842,1.0000 
825,843,1.0000 
825,844,1.0000 
825,845,1.0000 
825,846,1.0000 
825,847,1.0000 
825,848,1.0000 
825,849,1.0000 
825,850,1.0000 
825,851,1.0000 
825,852,1.0000 
825,853,1.0000 
825,854,1.0000 
825,855,1.0000 
825,856,1.0000 
825,857,1.0000 
825,858,1.0000 
825,859,1.0000 
825,860,1.0000 
825,861,1.0000 
825,862,1.0000 
825,863,1.0000 
825,864,1.0000 
825,865,1.0000 
825,866,1.0000 
825,867,1.0000 
825,868,1.0000 
825,869,1.0000 
825,871,1.0000 
825,872,1.0000 
825,873,1.0000 
825,874,1.0000 
825,875,1.0000 
825,876,1.0000 
825,877,1.0000 
825,878,1.0000 
825,879,1.0000 
825,880,1.0000 
825,881,1.0000 
825,882,1.0000 
825,883,1.0000 
825,884,1.0000 
825,885,1.0000 
825,886,1.0000 
825,887,1.0000 
825,888,1.0000 
825,889,1.0000 
825,890,1.0000 
825,891,1.0000 
825,892,1.0000 
825,893,1.0000 
825,894,1.0000 
825,895,1.0000 
825,896,1.0000 
825,897,1.0000 
825,898,1.0000 
825,899,1.0000 
825,900,1.0000 
825,901,1.0000 
825,902,1.0000 
825,903,1.0000 
825,904,1.0000 
825,905,1.0000 
825,906,1.0000 
825,907,1.0000 
825,908,1.0000 
825,909,1.0000 
825,910,1.0000 
825,911,1.0000 
825,912,1.0000 
825,913,1.0000 
825,914,1.0000 
825,915,1.0000 
825,916,1.0000 
825,917,1.0000 
825,918,1.0000 
826,827,1.0000 
826,828,1.0000 
826,829,1.0000 
826,830,1.0000 
826,831,1.0000 
826,832,1.0000 
826,833,1.0000 
826,834,1.0000 
826,835,1.0000 
826,836,1.0000 
826,837,1.0000 
826,838,1.0000 
826,839,1.0000 
826,840,1.0000 
826,841,1.0000 
826,842,1.0000 
826,843,1.0000 
826,844,1.0000 
826,845,1.0000 
826,846,1.0000 
826,847,1.0000 
826,848,1.0000 
826,849,1.0000 
826,850,1.0000 
826,851,1.0000 
826,852,1.0000 
826,853,1.0000 
826,854,1.0000 
826,855,1.0000 
826,856,1.0000 
826,857,1.0000 
826,858,1.0000 
826,859,1.0000 
826,860,1.0000 
826,861,1.0000 
826,862,1.0000 
826,863,1.0000 
826,864,1.0000 
826,865,1.0000 
826,867,1.0000 
826,868,1.0000 
826,869,1.0000 
826,871,1.0000 
826,872,1.0000 
826,873,1.0000 
826,874,1.0000 
826,875,1.0000 
826,876,1.0000 
826,877,1.0000 
826,878,1.0000 
826,879,1.0000 
826,880,1.0000 
826,881,1.0000 
826,882,1.0000 
826,883,1.0000 
826,884,1.0000 
826,885,1.0000 
826,886,1.0000 
826,887,1.0000 
826,888,1.0000 
826,889,1.0000 
826,890,1.0000 
826,891,1.0000 
826,892,1.0000 
826,893,1.0000 
826,894,1.0000 
826,895,1.0000 
826,896,1.0000 
826,897,1.0000 
826,898,1.0000 
826,899,1.0000 
826,900,1.0000 
826,901,1.0000 
826,902,1.0000 
826,903,1.0000 
826,904,1.0000 
826,905,1.0000 
826,906,1.0000 
826,907,1.0000 
826,908,1.0000 
826,909,1.0000 
826,910,1.0000 
826,911,1.0000 
826,912,1.0000 
826,913,1.0000 
826,914,1.0000 
826,915,1.0000 
826,916,1.0000 
826,917,1.0000 
826,918,1.0000 
827,828,1.0000 
827,829,1.0000 
827,830,1.0000 
827,831,1.0000 
827,832,1.0000 
827,833,1.0000 
827,834,1.0000 
827,835,1.0000 
827,836,1.0000 
827,837,1.0000 
827,838,1.0000 
827,839,1.0000 
827,840,1.0000 
827,841,1.0000 
827,842,1.0000 
827,843,1.0000 
827,844,1.0000 
827,845,1.0000 
827,846,1.0000 
827,847,1.0000 
827,848,1.0000 
827,849,1.0000 
827,850,1.0000 
827,851,1.0000 
827,852,1.0000 
827,853,1.0000 
827,854,1.0000 
827,855,1.0000 
827,856,1.0000 
827,857,1.0000 
827,858,1.0000 
827,859,1.0000 
827,860,1.0000 
827,861,1.0000 
827,862,1.0000 
827,863,1.0000 
827,864,1.0000 
827,865,1.0000 
827,866,1.0000 
827,867,1.0000 
827,868,1.0000 
827,869,1.0000 
827,871,1.0000 
827,872,1.0000 
827,873,1.0000 
827,874,1.0000 
827,875,1.0000 
827,876,1.0000 
827,877,1.0000 
827,878,1.0000 
827,879,1.0000 
827,880,1.0000 
827,881,1.0000 
827,882,1.0000 
827,883,1.0000 
827,884,1.0000 
827,885,1.0000 
827,886,1.0000 
827,887,1.0000 
827,888,1.0000 
827,889,1.0000 
827,890,1.0000 
827,891,1.0000 
827,892,1.0000 
827,893,1.0000 
827,894,1.0000 
827,895,1.0000 
827,896,1.0000 
827,897,1.0000 
827,898,1.0000 
827,899,1.0000 
827,900,1.0000 
827,901,1.0000 
827,902,1.0000 
827,903,1.0000 
827,904,1.0000 
827,905,1.0000 
827,906,1.0000 
827,907,1.0000 
827,908,1.0000 
827,909,1.0000 
827,910,1.0000 
827,911,1.0000 
827,912,1.0000 
827,913,1.0000 
827,914,1.0000 
827,915,1.0000 
827,916,1.0000 
827,917,1.0000 
827,918,1.0000 
828,829,1.0000 
828,830,1.0000 
828,831,1.0000 
828,833,1.0000 
828,834,1.0000 
828,835,1.0000 
828,836,1.0000 
828,837,1.0000 
828,838,1.0000 
828,839,1.0000 
828,840,1.0000 
828,841,1.0000 
828,842,1.0000 
828,843,1.0000 
828,844,1.0000 
828,845,1.0000 
828,846,1.0000 
828,847,1.0000 
828,848,1.0000 
828,850,1.0000 
828,851,1.0000 
828,852,1.0000 
828,853,1.0000 
828,854,1.0000 
828,855,1.0000 
828,856,1.0000 
828,857,1.0000 
828,858,1.0000 
828,859,1.0000 
828,860,1.0000 
828,861,1.0000 
828,862,1.0000 
828,863,1.0000 
828,864,1.0000 
828,865,1.0000 
828,866,1.0000 
828,867,1.0000 
828,868,1.0000 
828,869,1.0000 
828,871,1.0000 
828,872,1.0000 
828,873,1.0000 
828,874,1.0000 
828,875,1.0000 
828,876,1.0000 
828,877,1.0000 
828,878,1.0000 
828,879,1.0000 
828,880,1.0000 
828,881,1.0000 
828,882,1.0000 
828,883,1.0000 
828,884,1.0000 
828,885,1.0000 
828,886,1.0000 
828,887,1.0000 
828,888,1.0000 
828,889,1.0000 
828,890,1.0000 
828,891,1.0000 
828,892,1.0000 
828,893,1.0000 
828,894,1.0000 
828,895,1.0000 
828,896,1.0000 
828,897,1.0000 
828,898,1.0000 
828,899,1.0000 
828,900,1.0000 
828,901,1.0000 
828,902,1.0000 
828,903,1.0000 
828,904,1.0000 
828,905,1.0000 
828,906,1.0000 
828,907,1.0000 
828,908,1.0000 
828,909,1.0000 
828,910,1.0000 
828,911,1.0000 
828,912,1.0000 
828,913,1.0000 
828,914,1.0000 
828,915,1.0000 
828,916,1.0000 
828,917,1.0000 
828,918,1.0000 
829,830,1.0000 
829,831,1.0000 
829,832,1.0000 
829,833,1.0000 
829,834,1.0000 
829,835,1.0000 
829,836,1.0000 
829,837,1.0000 
829,838,1.0000 
829,839,1.0000 
829,840,1.0000 
829,841,1.0000 
829,842,1.0000 
829,843,1.0000 
829,844,1.0000 
829,845,1.0000 
829,846,1.0000 
829,847,1.0000 
829,848,1.0000 
829,849,1.0000 
829,850,1.0000 
829,851,1.0000 
829,852,1.0000 
829,853,1.0000 
829,854,1.0000 
829,855,1.0000 
829,856,1.0000 
829,857,1.0000 
829,858,1.0000 
829,859,1.0000 
829,860,1.0000 
829,861,1.0000 
829,862,1.0000 
829,863,1.0000 
829,864,1.0000 
829,865,1.0000 
829,866,1.0000 
829,867,1.0000 
829,868,1.0000 
829,869,1.0000 
829,871,1.0000 
829,872,1.0000 
829,873,1.0000 
829,874,1.0000 
829,875,1.0000 
829,876,1.0000 
829,877,1.0000 
829,878,1.0000 
829,879,1.0000 
829,880,1.0000 
829,881,1.0000 
829,882,1.0000 
829,883,1.0000 
829,884,1.0000 
829,885,1.0000 
829,886,1.0000 
829,887,1.0000 
829,888,1.0000 
829,889,1.0000 
829,890,1.0000 
829,891,1.0000 
829,892,1.0000 
829,893,1.0000 
829,894,1.0000 
829,895,1.0000 
829,896,1.0000 
829,897,1.0000 
829,898,1.0000 
829,899,1.0000 
829,900,1.0000 
829,901,1.0000 
829,902,1.0000 
829,903,1.0000 
829,904,1.0000 
829,905,1.0000 
829,906,1.0000 
829,907,1.0000 
829,908,1.0000 
829,909,1.0000 
829,910,1.0000 
829,911,1.0000 
829,912,1.0000 
829,913,1.0000 
829,914,1.0000 
829,915,1.0000 
829,916,1.0000 
829,917,1.0000 
829,918,1.0000 
830,831,1.0000 
830,832,1.0000 
830,833,1.0000 
830,834,1.0000 
830,835,1.0000 
830,836,1.0000 
830,837,1.0000 
830,838,1.0000 
830,839,1.0000 
830,840,1.0000 
830,841,1.0000 
830,842,1.0000 
830,843,1.0000 
830,844,1.0000 
830,845,1.0000 
830,846,1.0000 
830,847,1.0000 
830,848,1.0000 
830,849,1.0000 
830,850,1.0000 
830,851,1.0000 
830,852,1.0000 
830,853,1.0000 
830,854,1.0000 
830,855,1.0000 
830,856,1.0000 
830,857,1.0000 
830,858,1.0000 
830,859,1.0000 
830,860,1.0000 
830,861,1.0000 
830,862,1.0000 
830,863,1.0000 
830,864,1.0000 
830,865,1.0000 
830,866,1.0000 
830,867,1.0000 
830,868,1.0000 
830,869,1.0000 
830,871,1.0000 
830,872,1.0000 
830,873,1.0000 
830,874,1.0000 
830,875,1.0000 
830,876,1.0000 
830,877,1.0000 
830,878,1.0000 
830,879,1.0000 
830,880,1.0000 
830,881,1.0000 
830,882,1.0000 
830,883,1.0000 
830,884,1.0000 
830,885,1.0000 
830,886,1.0000 
830,887,1.0000 
830,888,1.0000 
830,889,1.0000 
830,890,1.0000 
830,891,1.0000 
830,892,1.0000 
830,893,1.0000 
830,894,1.0000 
830,895,1.0000 
830,896,1.0000 
830,897,1.0000 
830,898,1.0000 
830,899,1.0000 
830,900,1.0000 
830,901,1.0000 
830,902,1.0000 
830,903,1.0000 
830,904,1.0000 
830,905,1.0000 
830,906,1.0000 
830,907,1.0000 
830,908,1.0000 
830,909,1.0000 
830,910,1.0000 
830,911,1.0000 
830,912,1.0000 
830,913,1.0000 
830,914,1.0000 
830,915,1.0000 
830,916,1.0000 
830,917,1.0000 
830,918,1.0000 
831,832,1.0000 
831,833,1.0000 
831,834,1.0000 
831,835,1.0000 
831,836,1.0000 
831,837,1.0000 
831,838,1.0000 
831,839,1.0000 
831,840,1.0000 
831,841,1.0000 
831,842,1.0000 
831,843,1.0000 
831,844,1.0000 
831,845,1.0000 
831,846,1.0000 
831,847,1.0000 
831,848,1.0000 
831,849,1.0000 
831,850,1.0000 
831,851,1.0000 
831,852,1.0000 
831,853,1.0000 
831,854,1.0000 
831,855,1.0000 
831,856,1.0000 
831,857,1.0000 
831,858,1.0000 
831,859,1.0000 
831,860,1.0000 
831,861,1.0000 
831,862,1.0000 
831,863,1.0000 
831,864,1.0000 
831,865,1.0000 
831,866,1.0000 
831,867,1.0000 
831,868,1.0000 
831,869,1.0000 
831,871,1.0000 
831,872,1.0000 
831,873,1.0000 
831,874,1.0000 
831,875,1.0000 
831,876,1.0000 
831,877,1.0000 
831,878,1.0000 
831,879,1.0000 
831,880,1.0000 
831,881,1.0000 
831,882,1.0000 
831,883,1.0000 
831,884,1.0000 
831,885,1.0000 
831,886,1.0000 
831,887,1.0000 
831,888,1.0000 
831,889,1.0000 
831,890,1.0000 
831,891,1.0000 
831,892,1.0000 
831,893,1.0000 
831,894,1.0000 
831,895,1.0000 
831,896,1.0000 
831,897,1.0000 
831,898,1.0000 
831,899,1.0000 
831,900,1.0000 
831,901,1.0000 
831,902,1.0000 
831,903,1.0000 
831,904,1.0000 
831,905,1.0000 
831,906,1.0000 
831,907,1.0000 
831,908,1.0000 
831,909,1.0000 
831,910,1.0000 
831,911,1.0000 
831,912,1.0000 
831,913,1.0000 
831,914,1.0000 
831,915,1.0000 
831,916,1.0000 
831,917,1.0000 
831,918,1.0000 
832,833,1.0000 
832,834,1.0000 
832,835,1.0000 
832,836,1.0000 
832,837,1.0000 
832,838,1.0000 
832,839,1.0000 
832,840,1.0000 
832,841,1.0000 
832,842,1.0000 
832,843,1.0000 
832,844,1.0000 
832,845,1.0000 
832,846,1.0000 
832,847,1.0000 
832,848,1.0000 
832,850,1.0000 
832,851,1.0000 
832,852,1.0000 
832,853,1.0000 
832,854,1.0000 
832,855,1.0000 
832,856,1.0000 
832,857,1.0000 
832,858,1.0000 
832,859,1.0000 
832,860,1.0000 
832,861,1.0000 
832,862,1.0000 
832,863,1.0000 
832,864,1.0000 
832,865,1.0000 
832,866,1.0000 
832,867,1.0000 
832,868,1.0000 
832,869,1.0000 
832,871,1.0000 
832,872,1.0000 
832,873,1.0000 
832,874,1.0000 
832,875,1.0000 
832,876,1.0000 
832,877,1.0000 
832,878,1.0000 
832,879,1.0000 
832,880,1.0000 
832,881,1.0000 
832,882,1.0000 
832,883,1.0000 
832,884,1.0000 
832,885,1.0000 
832,886,1.0000 
832,887,1.0000 
832,888,1.0000 
832,889,1.0000 
832,890,1.0000 
832,891,1.0000 
832,892,1.0000 
832,893,1.0000 
832,894,1.0000 
832,895,1.0000 
832,896,1.0000 
832,897,1.0000 
832,898,1.0000 
832,899,1.0000 
832,900,1.0000 
832,901,1.0000 
832,902,1.0000 
832,903,1.0000 
832,904,1.0000 
832,905,1.0000 
832,906,1.0000 
832,907,1.0000 
832,908,1.0000 
832,909,1.0000 
832,910,1.0000 
832,911,1.0000 
832,912,1.0000 
832,913,1.0000 
832,914,1.0000 
832,915,1.0000 
832,916,1.0000 
832,917,1.0000 
832,918,1.0000 
833,834,1.0000 
833,835,1.0000 
833,836,1.0000 
833,837,1.0000 
833,838,1.0000 
833,839,1.0000 
833,840,1.0000 
833,841,1.0000 
833,842,1.0000 
833,843,1.0000 
833,844,1.0000 
833,845,1.0000 
833,846,1.0000 
833,847,1.0000 
833,848,1.0000 
833,849,1.0000 
833,850,1.0000 
833,851,1.0000 
833,852,1.0000 
833,853,1.0000 
833,854,1.0000 
833,855,1.0000 
833,856,1.0000 
833,857,1.0000 
833,858,1.0000 
833,859,1.0000 
833,860,1.0000 
833,861,1.0000 
833,862,1.0000 
833,863,1.0000 
833,864,1.0000 
833,865,1.0000 
833,866,1.0000 
833,867,1.0000 
833,868,1.0000 
833,869,1.0000 
833,871,1.0000 
833,872,1.0000 
833,873,1.0000 
833,874,1.0000 
833,875,1.0000 
833,876,1.0000 
833,877,1.0000 
833,878,1.0000 
833,879,1.0000 
833,880,1.0000 
833,881,1.0000 
833,882,1.0000 
833,883,1.0000 
833,884,1.0000 
833,885,1.0000 
833,886,1.0000 
833,887,1.0000 
833,888,1.0000 
833,889,1.0000 
833,890,1.0000 
833,891,1.0000 
833,892,1.0000 
833,893,1.0000 
833,894,1.0000 
833,895,1.0000 
833,896,1.0000 
833,897,1.0000 
833,898,1.0000 
833,899,1.0000 
833,900,1.0000 
833,901,1.0000 
833,902,1.0000 
833,903,1.0000 
833,904,1.0000 
833,905,1.0000 
833,906,1.0000 
833,907,1.0000 
833,908,1.0000 
833,909,1.0000 
833,910,1.0000 
833,911,1.0000 
833,912,1.0000 
833,913,1.0000 
833,914,1.0000 
833,915,1.0000 
833,916,1.0000 
833,917,1.0000 
833,918,1.0000 
834,835,1.0000 
834,836,1.0000 
834,837,1.0000 
834,838,1.0000 
834,839,1.0000 
834,840,1.0000 
834,841,1.0000 
834,842,1.0000 
834,843,1.0000 
834,844,1.0000 
834,845,1.0000 
834,846,1.0000 
834,847,1.0000 
834,848,1.0000 
834,849,1.0000 
834,850,1.0000 
834,851,1.0000 
834,852,1.0000 
834,853,1.0000 
834,854,1.0000 
834,855,1.0000 
834,856,1.0000 
834,857,1.0000 
834,858,1.0000 
834,859,1.0000 
834,860,1.0000 
834,861,1.0000 
834,862,1.0000 
834,863,1.0000 
834,864,1.0000 
834,865,1.0000 
834,866,1.0000 
834,867,1.0000 
834,868,1.0000 
834,869,1.0000 
834,871,1.0000 
834,872,1.0000 
834,873,1.0000 
834,874,1.0000 
834,875,1.0000 
834,876,1.0000 
834,877,1.0000 
834,878,1.0000 
834,879,1.0000 
834,880,1.0000 
834,881,1.0000 
834,882,1.0000 
834,883,1.0000 
834,884,1.0000 
834,885,1.0000 
834,886,1.0000 
834,887,1.0000 
834,888,1.0000 
834,889,1.0000 
834,890,1.0000 
834,891,1.0000 
834,892,1.0000 
834,893,1.0000 
834,894,1.0000 
834,895,1.0000 
834,896,1.0000 
834,897,1.0000 
834,898,1.0000 
834,899,1.0000 
834,900,1.0000 
834,901,1.0000 
834,902,1.0000 
834,903,1.0000 
834,904,1.0000 
834,905,1.0000 
834,906,1.0000 
834,907,1.0000 
834,908,1.0000 
834,909,1.0000 
834,910,1.0000 
834,911,1.0000 
834,912,1.0000 
834,913,1.0000 
834,914,1.0000 
834,915,1.0000 
834,916,1.0000 
834,917,1.0000 
834,918,1.0000 
835,836,1.0000 
835,837,1.0000 
835,838,1.0000 
835,839,1.0000 
835,840,1.0000 
835,841,1.0000 
835,842,1.0000 
835,843,1.0000 
835,844,1.0000 
835,845,1.0000 
835,846,1.0000 
835,847,1.0000 
835,848,1.0000 
835,849,1.0000 
835,850,1.0000 
835,851,1.0000 
835,852,1.0000 
835,853,1.0000 
835,854,1.0000 
835,855,1.0000 
835,856,1.0000 
835,857,1.0000 
835,858,1.0000 
835,859,1.0000 
835,860,1.0000 
835,861,1.0000 
835,862,1.0000 
835,863,1.0000 
835,864,1.0000 
835,865,1.0000 
835,866,1.0000 
835,867,1.0000 
835,868,1.0000 
835,869,1.0000 
835,871,1.0000 
835,872,1.0000 
835,873,1.0000 
835,874,1.0000 
835,875,1.0000 
835,876,1.0000 
835,877,1.0000 
835,878,1.0000 
835,879,1.0000 
835,880,1.0000 
835,881,1.0000 
835,882,1.0000 
835,883,1.0000 
835,884,1.0000 
835,885,1.0000 
835,886,1.0000 
835,887,1.0000 
835,888,1.0000 
835,889,1.0000 
835,890,1.0000 
835,891,1.0000 
835,892,1.0000 
835,893,1.0000 
835,894,1.0000 
835,895,1.0000 
835,896,1.0000 
835,897,1.0000 
835,898,1.0000 
835,899,1.0000 
835,900,1.0000 
835,901,1.0000 
835,902,1.0000 
835,903,1.0000 
835,904,1.0000 
835,905,1.0000 
835,906,1.0000 
835,907,1.0000 
835,908,1.0000 
835,909,1.0000 
835,910,1.0000 
835,911,1.0000 
835,912,1.0000 
835,913,1.0000 
835,914,1.0000 
835,915,1.0000 
835,916,1.0000 
835,917,1.0000 
835,918,1.0000 
836,837,1.0000 
836,838,1.0000 
836,839,1.0000 
836,840,1.0000 
836,841,1.0000 
836,842,1.0000 
836,843,1.0000 
836,844,1.0000 
836,846,1.0000 
836,847,1.0000 
836,848,1.0000 
836,849,1.0000 
836,850,1.0000 
836,851,1.0000 
836,852,1.0000 
836,853,1.0000 
836,854,1.0000 
836,855,1.0000 
836,856,1.0000 
836,857,1.0000 
836,858,1.0000 
836,859,1.0000 
836,860,1.0000 
836,861,1.0000 
836,862,1.0000 
836,863,1.0000 
836,864,1.0000 
836,865,1.0000 
836,866,1.0000 
836,867,1.0000 
836,868,1.0000 
836,869,1.0000 
836,871,1.0000 
836,872,1.0000 
836,873,1.0000 
836,874,1.0000 
836,875,1.0000 
836,876,1.0000 
836,877,1.0000 
836,878,1.0000 
836,879,1.0000 
836,880,1.0000 
836,881,1.0000 
836,882,1.0000 
836,883,1.0000 
836,884,1.0000 
836,885,1.0000 
836,886,1.0000 
836,887,1.0000 
836,888,1.0000 
836,889,1.0000 
836,890,1.0000 
836,891,1.0000 
836,892,1.0000 
836,893,1.0000 
836,894,1.0000 
836,895,1.0000 
836,896,1.0000 
836,897,1.0000 
836,898,1.0000 
836,899,1.0000 
836,900,1.0000 
836,901,1.0000 
836,902,1.0000 
836,903,1.0000 
836,904,1.0000 
836,905,1.0000 
836,906,1.0000 
836,907,1.0000 
836,908,1.0000 
836,909,1.0000 
836,910,1.0000 
836,911,1.0000 
836,912,1.0000 
836,913,1.0000 
836,914,1.0000 
836,915,1.0000 
836,916,1.0000 
836,917,1.0000 
836,918,1.0000 
837,838,1.0000 
837,839,1.0000 
837,840,1.0000 
837,841,1.0000 
837,842,1.0000 
837,843,1.0000 
837,844,1.0000 
837,845,1.0000 
837,846,1.0000 
837,847,1.0000 
837,848,1.0000 
837,849,1.0000 
837,850,1.0000 
837,851,1.0000 
837,852,1.0000 
837,853,1.0000 
837,854,1.0000 
837,855,1.0000 
837,856,1.0000 
837,857,1.0000 
837,858,1.0000 
837,859,1.0000 
837,860,1.0000 
837,861,1.0000 
837,862,1.0000 
837,863,1.0000 
837,864,1.0000 
837,865,1.0000 
837,866,1.0000 
837,867,1.0000 
837,868,1.0000 
837,869,1.0000 
837,871,1.0000 
837,872,1.0000 
837,873,1.0000 
837,874,1.0000 
837,875,1.0000 
837,876,1.0000 
837,877,1.0000 
837,878,1.0000 
837,879,1.0000 
837,880,1.0000 
837,881,1.0000 
837,882,1.0000 
837,883,1.0000 
837,884,1.0000 
837,886,1.0000 
837,887,1.0000 
837,888,1.0000 
837,890,1.0000 
837,891,1.0000 
837,892,1.0000 
837,893,1.0000 
837,894,1.0000 
837,895,1.0000 
837,896,1.0000 
837,898,1.0000 
837,899,1.0000 
837,900,1.0000 
837,901,1.0000 
837,902,1.0000 
837,903,1.0000 
837,904,1.0000 
837,905,1.0000 
837,906,1.0000 
837,907,1.0000 
837,908,1.0000 
837,909,1.0000 
837,910,1.0000 
837,911,1.0000 
837,912,1.0000 
837,913,1.0000 
837,914,1.0000 
837,915,1.0000 
837,916,1.0000 
837,917,1.0000 
837,918,1.0000 
838,839,1.0000 
838,840,1.0000 
838,841,1.0000 
838,842,1.0000 
838,843,1.0000 
838,844,1.0000 
838,845,1.0000 
838,846,1.0000 
838,847,1.0000 
838,848,1.0000 
838,849,1.0000 
838,850,1.0000 
838,851,1.0000 
838,852,1.0000 
838,853,1.0000 
838,854,1.0000 
838,855,1.0000 
838,856,1.0000 
838,857,1.0000 
838,858,1.0000 
838,859,1.0000 
838,860,1.0000 
838,861,1.0000 
838,862,1.0000 
838,863,1.0000 
838,864,1.0000 
838,865,1.0000 
838,866,1.0000 
838,867,1.0000 
838,868,1.0000 
838,869,1.0000 
838,871,1.0000 
838,872,1.0000 
838,873,1.0000 
838,874,1.0000 
838,875,1.0000 
838,876,1.0000 
838,877,1.0000 
838,878,1.0000 
838,879,1.0000 
838,880,1.0000 
838,881,1.0000 
838,882,1.0000 
838,883,1.0000 
838,884,1.0000 
838,885,1.0000 
838,886,1.0000 
838,887,1.0000 
838,888,1.0000 
838,889,1.0000 
838,890,1.0000 
838,891,1.0000 
838,892,1.0000 
838,893,1.0000 
838,894,1.0000 
838,895,1.0000 
838,896,1.0000 
838,897,1.0000 
838,898,1.0000 
838,899,1.0000 
838,900,1.0000 
838,901,1.0000 
838,902,1.0000 
838,903,1.0000 
838,904,1.0000 
838,905,1.0000 
838,906,1.0000 
838,907,1.0000 
838,908,1.0000 
838,909,1.0000 
838,910,1.0000 
838,911,1.0000 
838,912,1.0000 
838,913,1.0000 
838,914,1.0000 
838,915,1.0000 
838,916,1.0000 
838,917,1.0000 
838,918,1.0000 
839,840,1.0000 
839,842,1.0000 
839,843,1.0000 
839,844,1.0000 
839,845,1.0000 
839,846,1.0000 
839,847,1.0000 
839,848,1.0000 
839,849,1.0000 
839,850,1.0000 
839,851,1.0000 
839,852,1.0000 
839,853,1.0000 
839,854,1.0000 
839,855,1.0000 
839,856,1.0000 
839,857,1.0000 
839,858,1.0000 
839,859,1.0000 
839,860,1.0000 
839,861,1.0000 
839,862,1.0000 
839,863,1.0000 
839,864,1.0000 
839,865,1.0000 
839,866,1.0000 
839,868,1.0000 
839,869,1.0000 
839,871,1.0000 
839,872,1.0000 
839,873,1.0000 
839,874,1.0000 
839,875,1.0000 
839,876,1.0000 
839,877,1.0000 
839,878,1.0000 
839,880,1.0000 
839,881,1.0000 
839,882,1.0000 
839,883,1.0000 
839,884,1.0000 
839,885,1.0000 
839,886,1.0000 
839,887,1.0000 
839,888,1.0000 
839,889,1.0000 
839,890,1.0000 
839,891,1.0000 
839,892,1.0000 
839,893,1.0000 
839,895,1.0000 
839,896,1.0000 
839,897,1.0000 
839,898,1.0000 
839,899,1.0000 
839,900,1.0000 
839,901,1.0000 
839,902,1.0000 
839,903,1.0000 
839,904,1.0000 
839,905,1.0000 
839,906,1.0000 
839,907,1.0000 
839,908,1.0000 
839,909,1.0000 
839,910,1.0000 
839,911,1.0000 
839,912,1.0000 
839,913,1.0000 
839,914,1.0000 
839,915,1.0000 
839,916,1.0000 
839,917,1.0000 
839,918,1.0000 
840,841,1.0000 
840,842,1.0000 
840,843,1.0000 
840,844,1.0000 
840,845,1.0000 
840,846,1.0000 
840,847,1.0000 
840,848,1.0000 
840,849,1.0000 
840,850,1.0000 
840,851,1.0000 
840,852,1.0000 
840,853,1.0000 
840,854,1.0000 
840,855,1.0000 
840,856,1.0000 
840,857,1.0000 
840,858,1.0000 
840,859,1.0000 
840,860,1.0000 
840,861,1.0000 
840,862,1.0000 
840,863,1.0000 
840,864,1.0000 
840,865,1.0000 
840,866,1.0000 
840,867,1.0000 
840,868,1.0000 
840,869,1.0000 
840,871,1.0000 
840,872,1.0000 
840,873,1.0000 
840,874,1.0000 
840,875,1.0000 
840,876,1.0000 
840,877,1.0000 
840,878,1.0000 
840,879,1.0000 
840,880,1.0000 
840,881,1.0000 
840,882,1.0000 
840,883,1.0000 
840,884,1.0000 
840,885,1.0000 
840,886,1.0000 
840,887,1.0000 
840,888,1.0000 
840,889,1.0000 
840,890,1.0000 
840,891,1.0000 
840,892,1.0000 
840,893,1.0000 
840,894,1.0000 
840,895,1.0000 
840,896,1.0000 
840,897,1.0000 
840,898,1.0000 
840,899,1.0000 
840,900,1.0000 
840,901,1.0000 
840,902,1.0000 
840,903,1.0000 
840,904,1.0000 
840,905,1.0000 
840,906,1.0000 
840,907,1.0000 
840,908,1.0000 
840,909,1.0000 
840,910,1.0000 
840,911,1.0000 
840,912,1.0000 
840,913,1.0000 
840,914,1.0000 
840,915,1.0000 
840,916,1.0000 
840,917,1.0000 
840,918,1.0000 
841,842,1.0000 
841,843,1.0000 
841,844,1.0000 
841,845,1.0000 
841,846,1.0000 
841,847,1.0000 
841,848,1.0000 
841,849,1.0000 
841,850,1.0000 
841,851,1.0000 
841,852,1.0000 
841,853,1.0000 
841,854,1.0000 
841,855,1.0000 
841,856,1.0000 
841,857,1.0000 
841,858,1.0000 
841,859,1.0000 
841,860,1.0000 
841,861,1.0000 
841,862,1.0000 
841,863,1.0000 
841,864,1.0000 
841,865,1.0000 
841,866,1.0000 
841,868,1.0000 
841,869,1.0000 
841,871,1.0000 
841,872,1.0000 
841,873,1.0000 
841,874,1.0000 
841,875,1.0000 
841,876,1.0000 
841,877,1.0000 
841,878,1.0000 
841,880,1.0000 
841,881,1.0000 
841,882,1.0000 
841,883,1.0000 
841,884,1.0000 
841,885,1.0000 
841,886,1.0000 
841,887,1.0000 
841,888,1.0000 
841,889,1.0000 
841,890,1.0000 
841,891,1.0000 
841,892,1.0000 
841,893,1.0000 
841,895,1.0000 
841,896,1.0000 
841,897,1.0000 
841,898,1.0000 
841,899,1.0000 
841,900,1.0000 
841,901,1.0000 
841,902,1.0000 
841,903,1.0000 
841,904,1.0000 
841,905,1.0000 
841,906,1.0000 
841,907,1.0000 
841,908,1.0000 
841,909,1.0000 
841,910,1.0000 
841,911,1.0000 
841,912,1.0000 
841,913,1.0000 
841,914,1.0000 
841,915,1.0000 
841,916,1.0000 
841,917,1.0000 
841,918,1.0000 
842,843,1.0000 
842,844,1.0000 
842,845,1.0000 
842,846,1.0000 
842,847,1.0000 
842,848,1.0000 
842,849,1.0000 
842,850,1.0000 
842,851,1.0000 
842,852,1.0000 
842,853,1.0000 
842,854,1.0000 
842,855,1.0000 
842,856,1.0000 
842,857,1.0000 
842,858,1.0000 
842,859,1.0000 
842,860,1.0000 
842,861,1.0000 
842,862,1.0000 
842,863,1.0000 
842,864,1.0000 
842,865,1.0000 
842,866,1.0000 
842,867,1.0000 
842,868,1.0000 
842,869,1.0000 
842,871,1.0000 
842,872,1.0000 
842,873,1.0000 
842,874,1.0000 
842,875,1.0000 
842,876,1.0000 
842,877,1.0000 
842,878,1.0000 
842,879,1.0000 
842,880,1.0000 
842,881,1.0000 
842,882,1.0000 
842,883,1.0000 
842,884,1.0000 
842,885,1.0000 
842,886,1.0000 
842,887,1.0000 
842,888,1.0000 
842,889,1.0000 
842,890,1.0000 
842,891,1.0000 
842,892,1.0000 
842,893,1.0000 
842,894,1.0000 
842,895,1.0000 
842,896,1.0000 
842,897,1.0000 
842,898,1.0000 
842,899,1.0000 
842,900,1.0000 
842,901,1.0000 
842,902,1.0000 
842,903,1.0000 
842,904,1.0000 
842,905,1.0000 
842,906,1.0000 
842,907,1.0000 
842,908,1.0000 
842,909,1.0000 
842,910,1.0000 
842,911,1.0000 
842,912,1.0000 
842,913,1.0000 
842,914,1.0000 
842,915,1.0000 
842,916,1.0000 
842,917,1.0000 
842,918,1.0000 
843,844,1.0000 
843,845,1.0000 
843,846,1.0000 
843,847,1.0000 
843,848,1.0000 
843,849,1.0000 
843,850,1.0000 
843,851,1.0000 
843,852,1.0000 
843,853,1.0000 
843,854,1.0000 
843,855,1.0000 
843,856,1.0000 
843,857,1.0000 
843,858,1.0000 
843,859,1.0000 
843,860,1.0000 
843,861,1.0000 
843,862,1.0000 
843,863,1.0000 
843,864,1.0000 
843,865,1.0000 
843,866,1.0000 
843,867,1.0000 
843,868,1.0000 
843,869,1.0000 
843,871,1.0000 
843,872,1.0000 
843,873,1.0000 
843,874,1.0000 
843,875,1.0000 
843,876,1.0000 
843,877,1.0000 
843,878,1.0000 
843,879,1.0000 
843,880,1.0000 
843,881,1.0000 
843,882,1.0000 
843,883,1.0000 
843,884,1.0000 
843,885,1.0000 
843,886,1.0000 
843,887,1.0000 
843,888,1.0000 
843,889,1.0000 
843,890,1.0000 
843,891,1.0000 
843,892,1.0000 
843,893,1.0000 
843,894,1.0000 
843,895,1.0000 
843,896,1.0000 
843,897,1.0000 
843,898,1.0000 
843,899,1.0000 
843,900,1.0000 
843,901,1.0000 
843,902,1.0000 
843,903,1.0000 
843,904,1.0000 
843,905,1.0000 
843,906,1.0000 
843,907,1.0000 
843,908,1.0000 
843,909,1.0000 
843,910,1.0000 
843,911,1.0000 
843,912,1.0000 
843,913,1.0000 
843,914,1.0000 
843,915,1.0000 
843,916,1.0000 
843,917,1.0000 
843,918,1.0000 
844,845,1.0000 
844,846,1.0000 
844,847,1.0000 
844,848,1.0000 
844,849,1.0000 
844,850,1.0000 
844,851,1.0000 
844,852,1.0000 
844,853,1.0000 
844,854,1.0000 
844,855,1.0000 
844,856,1.0000 
844,857,1.0000 
844,858,1.0000 
844,859,1.0000 
844,860,1.0000 
844,861,1.0000 
844,862,1.0000 
844,863,1.0000 
844,864,1.0000 
844,865,1.0000 
844,866,1.0000 
844,867,1.0000 
844,868,1.0000 
844,869,1.0000 
844,871,1.0000 
844,872,1.0000 
844,873,1.0000 
844,874,1.0000 
844,875,1.0000 
844,876,1.0000 
844,877,1.0000 
844,878,1.0000 
844,879,1.0000 
844,880,1.0000 
844,881,1.0000 
844,882,1.0000 
844,883,1.0000 
844,884,1.0000 
844,885,1.0000 
844,886,1.0000 
844,887,1.0000 
844,888,1.0000 
844,889,1.0000 
844,890,1.0000 
844,891,1.0000 
844,892,1.0000 
844,893,1.0000 
844,894,1.0000 
844,895,1.0000 
844,896,1.0000 
844,897,1.0000 
844,898,1.0000 
844,899,1.0000 
844,900,1.0000 
844,901,1.0000 
844,902,1.0000 
844,903,1.0000 
844,904,1.0000 
844,905,1.0000 
844,906,1.0000 
844,907,1.0000 
844,908,1.0000 
844,909,1.0000 
844,910,1.0000 
844,911,1.0000 
844,912,1.0000 
844,913,1.0000 
844,914,1.0000 
844,915,1.0000 
844,916,1.0000 
844,917,1.0000 
844,918,1.0000 
845,846,1.0000 
845,847,1.0000 
845,848,1.0000 
845,849,1.0000 
845,850,1.0000 
845,851,1.0000 
845,852,1.0000 
845,853,1.0000 
845,854,1.0000 
845,855,1.0000 
845,856,1.0000 
845,857,1.0000 
845,858,1.0000 
845,859,1.0000 
845,860,1.0000 
845,861,1.0000 
845,862,1.0000 
845,863,1.0000 
845,864,1.0000 
845,865,1.0000 
845,866,1.0000 
845,867,1.0000 
845,868,1.0000 
845,869,1.0000 
845,871,1.0000 
845,872,1.0000 
845,873,1.0000 
845,874,1.0000 
845,875,1.0000 
845,876,1.0000 
845,877,1.0000 
845,878,1.0000 
845,879,1.0000 
845,880,1.0000 
845,881,1.0000 
845,882,1.0000 
845,883,1.0000 
845,884,1.0000 
845,885,1.0000 
845,886,1.0000 
845,887,1.0000 
845,888,1.0000 
845,889,1.0000 
845,890,1.0000 
845,891,1.0000 
845,892,1.0000 
845,893,1.0000 
845,894,1.0000 
845,895,1.0000 
845,896,1.0000 
845,897,1.0000 
845,898,1.0000 
845,899,1.0000 
845,900,1.0000 
845,901,1.0000 
845,902,1.0000 
845,903,1.0000 
845,904,1.0000 
845,905,1.0000 
845,906,1.0000 
845,907,1.0000 
845,908,1.0000 
845,909,1.0000 
845,910,1.0000 
845,911,1.0000 
845,912,1.0000 
845,913,1.0000 
845,914,1.0000 
845,915,1.0000 
845,916,1.0000 
845,917,1.0000 
845,918,1.0000 
846,847,1.0000 
846,848,1.0000 
846,849,1.0000 
846,850,1.0000 
846,851,1.0000 
846,852,1.0000 
846,853,1.0000 
846,854,1.0000 
846,855,1.0000 
846,856,1.0000 
846,857,1.0000 
846,858,1.0000 
846,859,1.0000 
846,860,1.0000 
846,861,1.0000 
846,862,1.0000 
846,863,1.0000 
846,864,1.0000 
846,865,1.0000 
846,866,1.0000 
846,867,1.0000 
846,868,1.0000 
846,869,1.0000 
846,871,1.0000 
846,872,1.0000 
846,873,1.0000 
846,874,1.0000 
846,875,1.0000 
846,876,1.0000 
846,877,1.0000 
846,878,1.0000 
846,879,1.0000 
846,880,1.0000 
846,881,1.0000 
846,882,1.0000 
846,883,1.0000 
846,884,1.0000 
846,885,1.0000 
846,886,1.0000 
846,887,1.0000 
846,888,1.0000 
846,889,1.0000 
846,890,1.0000 
846,891,1.0000 
846,892,1.0000 
846,893,1.0000 
846,894,1.0000 
846,895,1.0000 
846,896,1.0000 
846,897,1.0000 
846,898,1.0000 
846,899,1.0000 
846,900,1.0000 
846,901,1.0000 
846,902,1.0000 
846,903,1.0000 
846,904,1.0000 
846,905,1.0000 
846,906,1.0000 
846,907,1.0000 
846,908,1.0000 
846,909,1.0000 
846,910,1.0000 
846,911,1.0000 
846,912,1.0000 
846,913,1.0000 
846,914,1.0000 
846,915,1.0000 
846,916,1.0000 
846,917,1.0000 
846,918,1.0000 
847,848,1.0000 
847,849,1.0000 
847,850,1.0000 
847,851,1.0000 
847,852,1.0000 
847,853,1.0000 
847,854,1.0000 
847,855,1.0000 
847,856,1.0000 
847,857,1.0000 
847,858,1.0000 
847,859,1.0000 
847,860,1.0000 
847,861,1.0000 
847,862,1.0000 
847,863,1.0000 
847,864,1.0000 
847,865,1.0000 
847,866,1.0000 
847,867,1.0000 
847,868,1.0000 
847,869,1.0000 
847,871,1.0000 
847,872,1.0000 
847,873,1.0000 
847,874,1.0000 
847,875,1.0000 
847,876,1.0000 
847,877,1.0000 
847,878,1.0000 
847,879,1.0000 
847,880,1.0000 
847,881,1.0000 
847,882,1.0000 
847,883,1.0000 
847,884,1.0000 
847,885,1.0000 
847,886,1.0000 
847,887,1.0000 
847,888,1.0000 
847,889,1.0000 
847,890,1.0000 
847,891,1.0000 
847,892,1.0000 
847,893,1.0000 
847,894,1.0000 
847,895,1.0000 
847,896,1.0000 
847,897,1.0000 
847,898,1.0000 
847,899,1.0000 
847,900,1.0000 
847,901,1.0000 
847,902,1.0000 
847,903,1.0000 
847,904,1.0000 
847,905,1.0000 
847,906,1.0000 
847,907,1.0000 
847,908,1.0000 
847,909,1.0000 
847,910,1.0000 
847,911,1.0000 
847,912,1.0000 
847,913,1.0000 
847,914,1.0000 
847,915,1.0000 
847,916,1.0000 
847,917,1.0000 
847,918,1.0000 
848,849,1.0000 
848,850,1.0000 
848,851,1.0000 
848,852,1.0000 
848,853,1.0000 
848,854,1.0000 
848,855,1.0000 
848,856,1.0000 
848,857,1.0000 
848,858,1.0000 
848,859,1.0000 
848,860,1.0000 
848,861,1.0000 
848,862,1.0000 
848,863,1.0000 
848,864,1.0000 
848,865,1.0000 
848,866,1.0000 
848,867,1.0000 
848,868,1.0000 
848,869,1.0000 
848,871,1.0000 
848,872,1.0000 
848,873,1.0000 
848,874,1.0000 
848,875,1.0000 
848,876,1.0000 
848,877,1.0000 
848,878,1.0000 
848,879,1.0000 
848,880,1.0000 
848,881,1.0000 
848,882,1.0000 
848,883,1.0000 
848,884,1.0000 
848,885,1.0000 
848,886,1.0000 
848,887,1.0000 
848,888,1.0000 
848,889,1.0000 
848,890,1.0000 
848,891,1.0000 
848,892,1.0000 
848,893,1.0000 
848,894,1.0000 
848,895,1.0000 
848,896,1.0000 
848,897,1.0000 
848,898,1.0000 
848,899,1.0000 
848,900,1.0000 
848,901,1.0000 
848,903,1.0000 
848,904,1.0000 
848,905,1.0000 
848,906,1.0000 
848,907,1.0000 
848,908,1.0000 
848,909,1.0000 
848,910,1.0000 
848,911,1.0000 
848,912,1.0000 
848,913,1.0000 
848,914,1.0000 
848,915,1.0000 
848,916,1.0000 
848,917,1.0000 
848,918,1.0000 
849,850,1.0000 
849,851,1.0000 
849,852,1.0000 
849,853,1.0000 
849,854,1.0000 
849,855,1.0000 
849,856,1.0000 
849,857,1.0000 
849,858,1.0000 
849,859,1.0000 
849,860,1.0000 
849,861,1.0000 
849,862,1.0000 
849,863,1.0000 
849,864,1.0000 
849,865,1.0000 
849,866,1.0000 
849,867,1.0000 
849,868,1.0000 
849,869,1.0000 
849,871,1.0000 
849,872,1.0000 
849,873,1.0000 
849,874,1.0000 
849,875,1.0000 
849,876,1.0000 
849,877,1.0000 
849,878,1.0000 
849,879,1.0000 
849,880,1.0000 
849,881,1.0000 
849,882,1.0000 
849,883,1.0000 
849,884,1.0000 
849,885,1.0000 
849,886,1.0000 
849,887,1.0000 
849,888,1.0000 
849,889,1.0000 
849,890,1.0000 
849,891,1.0000 
849,892,1.0000 
849,893,1.0000 
849,894,1.0000 
849,895,1.0000 
849,896,1.0000 
849,897,1.0000 
849,898,1.0000 
849,899,1.0000 
849,900,1.0000 
849,901,1.0000 
849,902,1.0000 
849,903,1.0000 
849,904,1.0000 
849,905,1.0000 
849,906,1.0000 
849,907,1.0000 
849,908,1.0000 
849,909,1.0000 
849,910,1.0000 
849,911,1.0000 
849,912,1.0000 
849,913,1.0000 
849,914,1.0000 
849,915,1.0000 
849,916,1.0000 
849,917,1.0000 
849,918,1.0000 
850,851,1.0000 
850,852,1.0000 
850,853,1.0000 
850,854,1.0000 
850,855,1.0000 
850,856,1.0000 
850,857,1.0000 
850,858,1.0000 
850,859,1.0000 
850,860,1.0000 
850,861,1.0000 
850,862,1.0000 
850,863,1.0000 
850,864,1.0000 
850,865,1.0000 
850,866,1.0000 
850,867,1.0000 
850,868,1.0000 
850,869,1.0000 
850,871,1.0000 
850,872,1.0000 
850,873,1.0000 
850,874,1.0000 
850,875,1.0000 
850,876,1.0000 
850,877,1.0000 
850,878,1.0000 
850,879,1.0000 
850,880,1.0000 
850,881,1.0000 
850,882,1.0000 
850,883,1.0000 
850,884,1.0000 
850,885,1.0000 
850,886,1.0000 
850,887,1.0000 
850,888,1.0000 
850,889,1.0000 
850,890,1.0000 
850,891,1.0000 
850,892,1.0000 
850,893,1.0000 
850,894,1.0000 
850,895,1.0000 
850,896,1.0000 
850,897,1.0000 
850,898,1.0000 
850,899,1.0000 
850,900,1.0000 
850,901,1.0000 
850,902,1.0000 
850,903,1.0000 
850,904,1.0000 
850,905,1.0000 
850,906,1.0000 
850,907,1.0000 
850,908,1.0000 
850,909,1.0000 
850,910,1.0000 
850,911,1.0000 
850,912,1.0000 
850,913,1.0000 
850,914,1.0000 
850,915,1.0000 
850,916,1.0000 
850,917,1.0000 
850,918,1.0000 
851,852,1.0000 
851,853,1.0000 
851,854,1.0000 
851,855,1.0000 
851,856,1.0000 
851,857,1.0000 
851,858,1.0000 
851,859,1.0000 
851,860,1.0000 
851,861,1.0000 
851,862,1.0000 
851,863,1.0000 
851,864,1.0000 
851,865,1.0000 
851,866,1.0000 
851,867,1.0000 
851,868,1.0000 
851,869,1.0000 
851,871,1.0000 
851,872,1.0000 
851,873,1.0000 
851,874,1.0000 
851,875,1.0000 
851,876,1.0000 
851,877,1.0000 
851,878,1.0000 
851,879,1.0000 
851,880,1.0000 
851,881,1.0000 
851,882,1.0000 
851,883,1.0000 
851,884,1.0000 
851,885,1.0000 
851,886,1.0000 
851,887,1.0000 
851,888,1.0000 
851,889,1.0000 
851,890,1.0000 
851,891,1.0000 
851,892,1.0000 
851,893,1.0000 
851,894,1.0000 
851,895,1.0000 
851,896,1.0000 
851,897,1.0000 
851,898,1.0000 
851,899,1.0000 
851,900,1.0000 
851,901,1.0000 
851,902,1.0000 
851,903,1.0000 
851,904,1.0000 
851,905,1.0000 
851,906,1.0000 
851,907,1.0000 
851,908,1.0000 
851,909,1.0000 
851,910,1.0000 
851,911,1.0000 
851,912,1.0000 
851,913,1.0000 
851,914,1.0000 
851,915,1.0000 
851,916,1.0000 
851,917,1.0000 
851,918,1.0000 
852,853,1.0000 
852,854,1.0000 
852,855,1.0000 
852,856,1.0000 
852,857,1.0000 
852,858,1.0000 
852,859,1.0000 
852,860,1.0000 
852,861,1.0000 
852,862,1.0000 
852,863,1.0000 
852,864,1.0000 
852,865,1.0000 
852,866,1.0000 
852,867,1.0000 
852,868,1.0000 
852,869,1.0000 
852,871,1.0000 
852,872,1.0000 
852,873,1.0000 
852,874,1.0000 
852,875,1.0000 
852,876,1.0000 
852,877,1.0000 
852,878,1.0000 
852,879,1.0000 
852,880,1.0000 
852,881,1.0000 
852,882,1.0000 
852,883,1.0000 
852,884,1.0000 
852,885,1.0000 
852,886,1.0000 
852,887,1.0000 
852,888,1.0000 
852,889,1.0000 
852,890,1.0000 
852,891,1.0000 
852,892,1.0000 
852,893,1.0000 
852,894,1.0000 
852,895,1.0000 
852,896,1.0000 
852,897,1.0000 
852,898,1.0000 
852,899,1.0000 
852,900,1.0000 
852,901,1.0000 
852,902,1.0000 
852,903,1.0000 
852,904,1.0000 
852,905,1.0000 
852,906,1.0000 
852,907,1.0000 
852,908,1.0000 
852,909,1.0000 
852,910,1.0000 
852,911,1.0000 
852,912,1.0000 
852,913,1.0000 
852,914,1.0000 
852,915,1.0000 
852,916,1.0000 
852,917,1.0000 
852,918,1.0000 
853,854,1.0000 
853,855,1.0000 
853,856,1.0000 
853,857,1.0000 
853,858,1.0000 
853,859,1.0000 
853,860,1.0000 
853,861,1.0000 
853,862,1.0000 
853,863,1.0000 
853,864,1.0000 
853,865,1.0000 
853,866,1.0000 
853,867,1.0000 
853,868,1.0000 
853,869,1.0000 
853,871,1.0000 
853,872,1.0000 
853,873,1.0000 
853,874,1.0000 
853,875,1.0000 
853,876,1.0000 
853,877,1.0000 
853,878,1.0000 
853,879,1.0000 
853,880,1.0000 
853,881,1.0000 
853,882,1.0000 
853,883,1.0000 
853,884,1.0000 
853,885,1.0000 
853,886,1.0000 
853,887,1.0000 
853,888,1.0000 
853,889,1.0000 
853,890,1.0000 
853,891,1.0000 
853,892,1.0000 
853,893,1.0000 
853,894,1.0000 
853,895,1.0000 
853,896,1.0000 
853,897,1.0000 
853,898,1.0000 
853,899,1.0000 
853,900,1.0000 
853,901,1.0000 
853,902,1.0000 
853,903,1.0000 
853,904,1.0000 
853,905,1.0000 
853,906,1.0000 
853,907,1.0000 
853,908,1.0000 
853,909,1.0000 
853,910,1.0000 
853,911,1.0000 
853,912,1.0000 
853,913,1.0000 
853,914,1.0000 
853,915,1.0000 
853,916,1.0000 
853,917,1.0000 
853,918,1.0000 
854,855,1.0000 
854,856,1.0000 
854,857,1.0000 
854,858,1.0000 
854,859,1.0000 
854,860,1.0000 
854,861,1.0000 
854,862,1.0000 
854,863,1.0000 
854,864,1.0000 
854,865,1.0000 
854,866,1.0000 
854,867,1.0000 
854,868,1.0000 
854,869,1.0000 
854,871,1.0000 
854,872,1.0000 
854,873,1.0000 
854,874,1.0000 
854,875,1.0000 
854,876,1.0000 
854,877,1.0000 
854,878,1.0000 
854,879,1.0000 
854,880,1.0000 
854,881,1.0000 
854,882,1.0000 
854,883,1.0000 
854,884,1.0000 
854,885,1.0000 
854,886,1.0000 
854,887,1.0000 
854,888,1.0000 
854,889,1.0000 
854,890,1.0000 
854,891,1.0000 
854,892,1.0000 
854,893,1.0000 
854,894,1.0000 
854,895,1.0000 
854,896,1.0000 
854,897,1.0000 
854,898,1.0000 
854,899,1.0000 
854,900,1.0000 
854,901,1.0000 
854,902,1.0000 
854,903,1.0000 
854,904,1.0000 
854,905,1.0000 
854,906,1.0000 
854,907,1.0000 
854,908,1.0000 
854,909,1.0000 
854,910,1.0000 
854,911,1.0000 
854,912,1.0000 
854,913,1.0000 
854,914,1.0000 
854,915,1.0000 
854,916,1.0000 
854,917,1.0000 
854,918,1.0000 
855,856,1.0000 
855,857,1.0000 
855,858,1.0000 
855,859,1.0000 
855,860,1.0000 
855,861,1.0000 
855,862,1.0000 
855,863,1.0000 
855,864,1.0000 
855,865,1.0000 
855,866,1.0000 
855,867,1.0000 
855,868,1.0000 
855,869,1.0000 
855,871,1.0000 
855,872,1.0000 
855,873,1.0000 
855,874,1.0000 
855,875,1.0000 
855,876,1.0000 
855,877,1.0000 
855,878,1.0000 
855,879,1.0000 
855,880,1.0000 
855,881,1.0000 
855,882,1.0000 
855,883,1.0000 
855,884,1.0000 
855,885,1.0000 
855,886,1.0000 
855,887,1.0000 
855,888,1.0000 
855,889,1.0000 
855,890,1.0000 
855,891,1.0000 
855,892,1.0000 
855,893,1.0000 
855,894,1.0000 
855,895,1.0000 
855,896,1.0000 
855,897,1.0000 
855,898,1.0000 
855,899,1.0000 
855,900,1.0000 
855,901,1.0000 
855,902,1.0000 
855,903,1.0000 
855,904,1.0000 
855,905,1.0000 
855,906,1.0000 
855,907,1.0000 
855,908,1.0000 
855,909,1.0000 
855,910,1.0000 
855,911,1.0000 
855,912,1.0000 
855,913,1.0000 
855,914,1.0000 
855,915,1.0000 
855,916,1.0000 
855,917,1.0000 
855,918,1.0000 
856,857,1.0000 
856,858,1.0000 
856,859,1.0000 
856,860,1.0000 
856,861,1.0000 
856,862,1.0000 
856,863,1.0000 
856,864,1.0000 
856,865,1.0000 
856,866,1.0000 
856,867,1.0000 
856,868,1.0000 
856,869,1.0000 
856,871,1.0000 
856,872,1.0000 
856,873,1.0000 
856,874,1.0000 
856,875,1.0000 
856,876,1.0000 
856,877,1.0000 
856,878,1.0000 
856,879,1.0000 
856,880,1.0000 
856,881,1.0000 
856,882,1.0000 
856,883,1.0000 
856,884,1.0000 
856,885,1.0000 
856,886,1.0000 
856,887,1.0000 
856,888,1.0000 
856,889,1.0000 
856,890,1.0000 
856,891,1.0000 
856,892,1.0000 
856,893,1.0000 
856,894,1.0000 
856,895,1.0000 
856,896,1.0000 
856,897,1.0000 
856,898,1.0000 
856,899,1.0000 
856,900,1.0000 
856,901,1.0000 
856,902,1.0000 
856,903,1.0000 
856,904,1.0000 
856,905,1.0000 
856,906,1.0000 
856,907,1.0000 
856,908,1.0000 
856,909,1.0000 
856,910,1.0000 
856,911,1.0000 
856,912,1.0000 
856,913,1.0000 
856,914,1.0000 
856,915,1.0000 
856,916,1.0000 
856,917,1.0000 
856,918,1.0000 
857,858,1.0000 
857,859,1.0000 
857,860,1.0000 
857,861,1.0000 
857,862,1.0000 
857,863,1.0000 
857,864,1.0000 
857,865,1.0000 
857,866,1.0000 
857,867,1.0000 
857,868,1.0000 
857,869,1.0000 
857,871,1.0000 
857,872,1.0000 
857,873,1.0000 
857,874,1.0000 
857,875,1.0000 
857,876,1.0000 
857,877,1.0000 
857,878,1.0000 
857,879,1.0000 
857,880,1.0000 
857,881,1.0000 
857,882,1.0000 
857,883,1.0000 
857,884,1.0000 
857,885,1.0000 
857,886,1.0000 
857,887,1.0000 
857,888,1.0000 
857,889,1.0000 
857,890,1.0000 
857,891,1.0000 
857,892,1.0000 
857,893,1.0000 
857,894,1.0000 
857,895,1.0000 
857,896,1.0000 
857,897,1.0000 
857,898,1.0000 
857,899,1.0000 
857,900,1.0000 
857,901,1.0000 
857,902,1.0000 
857,903,1.0000 
857,904,1.0000 
857,905,1.0000 
857,906,1.0000 
857,907,1.0000 
857,908,1.0000 
857,909,1.0000 
857,910,1.0000 
857,911,1.0000 
857,912,1.0000 
857,913,1.0000 
857,914,1.0000 
857,915,1.0000 
857,916,1.0000 
857,917,1.0000 
857,918,1.0000 
858,859,1.0000 
858,860,1.0000 
858,861,1.0000 
858,862,1.0000 
858,863,1.0000 
858,864,1.0000 
858,865,1.0000 
858,866,1.0000 
858,867,1.0000 
858,868,1.0000 
858,869,1.0000 
858,871,1.0000 
858,872,1.0000 
858,873,1.0000 
858,874,1.0000 
858,875,1.0000 
858,876,1.0000 
858,877,1.0000 
858,878,1.0000 
858,879,1.0000 
858,880,1.0000 
858,881,1.0000 
858,882,1.0000 
858,883,1.0000 
858,884,1.0000 
858,885,1.0000 
858,886,1.0000 
858,887,1.0000 
858,888,1.0000 
858,889,1.0000 
858,890,1.0000 
858,891,1.0000 
858,892,1.0000 
858,893,1.0000 
858,894,1.0000 
858,895,1.0000 
858,896,1.0000 
858,897,1.0000 
858,898,1.0000 
858,899,1.0000 
858,900,1.0000 
858,901,1.0000 
858,902,1.0000 
858,903,1.0000 
858,904,1.0000 
858,905,1.0000 
858,906,1.0000 
858,907,1.0000 
858,908,1.0000 
858,909,1.0000 
858,910,1.0000 
858,911,1.0000 
858,912,1.0000 
858,913,1.0000 
858,914,1.0000 
858,915,1.0000 
858,916,1.0000 
858,917,1.0000 
858,918,1.0000 
859,860,1.0000 
859,861,1.0000 
859,862,1.0000 
859,863,1.0000 
859,864,1.0000 
859,866,1.0000 
859,867,1.0000 
859,868,1.0000 
859,869,1.0000 
859,871,1.0000 
859,872,1.0000 
859,873,1.0000 
859,874,1.0000 
859,875,1.0000 
859,876,1.0000 
859,877,1.0000 
859,878,1.0000 
859,879,1.0000 
859,880,1.0000 
859,881,1.0000 
859,882,1.0000 
859,883,1.0000 
859,884,1.0000 
859,885,1.0000 
859,886,1.0000 
859,887,1.0000 
859,888,1.0000 
859,889,1.0000 
859,890,1.0000 
859,891,1.0000 
859,892,1.0000 
859,893,1.0000 
859,894,1.0000 
859,895,1.0000 
859,896,1.0000 
859,897,1.0000 
859,898,1.0000 
859,899,1.0000 
859,900,1.0000 
859,901,1.0000 
859,902,1.0000 
859,903,1.0000 
859,904,1.0000 
859,905,1.0000 
859,906,1.0000 
859,907,1.0000 
859,908,1.0000 
859,909,1.0000 
859,910,1.0000 
859,911,1.0000 
859,912,1.0000 
859,913,1.0000 
859,914,1.0000 
859,915,1.0000 
859,916,1.0000 
859,917,1.0000 
859,918,1.0000 
860,861,1.0000 
860,862,1.0000 
860,863,1.0000 
860,864,1.0000 
860,865,1.0000 
860,866,1.0000 
860,867,1.0000 
860,868,1.0000 
860,869,1.0000 
860,871,1.0000 
860,872,1.0000 
860,873,1.0000 
860,874,1.0000 
860,875,1.0000 
860,876,1.0000 
860,877,1.0000 
860,878,1.0000 
860,879,1.0000 
860,880,1.0000 
860,881,1.0000 
860,882,1.0000 
860,883,1.0000 
860,884,1.0000 
860,885,1.0000 
860,886,1.0000 
860,887,1.0000 
860,888,1.0000 
860,889,1.0000 
860,890,1.0000 
860,891,1.0000 
860,892,1.0000 
860,893,1.0000 
860,894,1.0000 
860,895,1.0000 
860,896,1.0000 
860,897,1.0000 
860,898,1.0000 
860,899,1.0000 
860,900,1.0000 
860,901,1.0000 
860,902,1.0000 
860,903,1.0000 
860,904,1.0000 
860,905,1.0000 
860,906,1.0000 
860,907,1.0000 
860,908,1.0000 
860,909,1.0000 
860,910,1.0000 
860,911,1.0000 
860,912,1.0000 
860,913,1.0000 
860,914,1.0000 
860,915,1.0000 
860,916,1.0000 
860,917,1.0000 
860,918,1.0000 
861,862,1.0000 
861,863,1.0000 
861,864,1.0000 
861,865,1.0000 
861,866,1.0000 
861,867,1.0000 
861,868,1.0000 
861,869,1.0000 
861,871,1.0000 
861,872,1.0000 
861,873,1.0000 
861,874,1.0000 
861,875,1.0000 
861,876,1.0000 
861,877,1.0000 
861,878,1.0000 
861,879,1.0000 
861,880,1.0000 
861,881,1.0000 
861,882,1.0000 
861,883,1.0000 
861,884,1.0000 
861,885,1.0000 
861,886,1.0000 
861,887,1.0000 
861,888,1.0000 
861,889,1.0000 
861,890,1.0000 
861,891,1.0000 
861,892,1.0000 
861,893,1.0000 
861,894,1.0000 
861,895,1.0000 
861,896,1.0000 
861,897,1.0000 
861,898,1.0000 
861,899,1.0000 
861,900,1.0000 
861,901,1.0000 
861,902,1.0000 
861,903,1.0000 
861,904,1.0000 
861,905,1.0000 
861,906,1.0000 
861,907,1.0000 
861,908,1.0000 
861,909,1.0000 
861,910,1.0000 
861,911,1.0000 
861,912,1.0000 
861,913,1.0000 
861,914,1.0000 
861,915,1.0000 
861,916,1.0000 
861,917,1.0000 
861,918,1.0000 
862,863,1.0000 
862,864,1.0000 
862,865,1.0000 
862,866,1.0000 
862,867,1.0000 
862,868,1.0000 
862,869,1.0000 
862,871,1.0000 
862,872,1.0000 
862,873,1.0000 
862,874,1.0000 
862,875,1.0000 
862,876,1.0000 
862,877,1.0000 
862,878,1.0000 
862,879,1.0000 
862,880,1.0000 
862,881,1.0000 
862,882,1.0000 
862,883,1.0000 
862,884,1.0000 
862,885,1.0000 
862,886,1.0000 
862,887,1.0000 
862,888,1.0000 
862,889,1.0000 
862,890,1.0000 
862,891,1.0000 
862,892,1.0000 
862,893,1.0000 
862,894,1.0000 
862,895,1.0000 
862,896,1.0000 
862,897,1.0000 
862,898,1.0000 
862,899,1.0000 
862,900,1.0000 
862,901,1.0000 
862,902,1.0000 
862,903,1.0000 
862,904,1.0000 
862,905,1.0000 
862,906,1.0000 
862,907,1.0000 
862,908,1.0000 
862,909,1.0000 
862,910,1.0000 
862,911,1.0000 
862,912,1.0000 
862,913,1.0000 
862,914,1.0000 
862,915,1.0000 
862,916,1.0000 
862,917,1.0000 
862,918,1.0000 
863,864,1.0000 
863,865,1.0000 
863,866,1.0000 
863,867,1.0000 
863,868,1.0000 
863,869,1.0000 
863,871,1.0000 
863,872,1.0000 
863,873,1.0000 
863,874,1.0000 
863,875,1.0000 
863,876,1.0000 
863,877,1.0000 
863,878,1.0000 
863,879,1.0000 
863,880,1.0000 
863,881,1.0000 
863,882,1.0000 
863,883,1.0000 
863,884,1.0000 
863,885,1.0000 
863,886,1.0000 
863,887,1.0000 
863,888,1.0000 
863,889,1.0000 
863,890,1.0000 
863,891,1.0000 
863,892,1.0000 
863,893,1.0000 
863,894,1.0000 
863,895,1.0000 
863,896,1.0000 
863,897,1.0000 
863,898,1.0000 
863,899,1.0000 
863,900,1.0000 
863,901,1.0000 
863,902,1.0000 
863,903,1.0000 
863,904,1.0000 
863,905,1.0000 
863,906,1.0000 
863,907,1.0000 
863,908,1.0000 
863,909,1.0000 
863,910,1.0000 
863,911,1.0000 
863,912,1.0000 
863,913,1.0000 
863,914,1.0000 
863,915,1.0000 
863,916,1.0000 
863,917,1.0000 
863,918,1.0000 
864,865,1.0000 
864,866,1.0000 
864,867,1.0000 
864,868,1.0000 
864,869,1.0000 
864,871,1.0000 
864,872,1.0000 
864,873,1.0000 
864,874,1.0000 
864,875,1.0000 
864,876,1.0000 
864,877,1.0000 
864,878,1.0000 
864,879,1.0000 
864,880,1.0000 
864,881,1.0000 
864,882,1.0000 
864,883,1.0000 
864,884,1.0000 
864,885,1.0000 
864,886,1.0000 
864,887,1.0000 
864,888,1.0000 
864,889,1.0000 
864,890,1.0000 
864,891,1.0000 
864,892,1.0000 
864,893,1.0000 
864,894,1.0000 
864,895,1.0000 
864,896,1.0000 
864,897,1.0000 
864,898,1.0000 
864,899,1.0000 
864,900,1.0000 
864,901,1.0000 
864,902,1.0000 
864,903,1.0000 
864,904,1.0000 
864,905,1.0000 
864,906,1.0000 
864,907,1.0000 
864,908,1.0000 
864,909,1.0000 
864,910,1.0000 
864,911,1.0000 
864,912,1.0000 
864,913,1.0000 
864,914,1.0000 
864,915,1.0000 
864,916,1.0000 
864,917,1.0000 
864,918,1.0000 
865,866,1.0000 
865,867,1.0000 
865,868,1.0000 
865,869,1.0000 
865,871,1.0000 
865,872,1.0000 
865,873,1.0000 
865,874,1.0000 
865,875,1.0000 
865,876,1.0000 
865,877,1.0000 
865,878,1.0000 
865,879,1.0000 
865,880,1.0000 
865,881,1.0000 
865,882,1.0000 
865,883,1.0000 
865,884,1.0000 
865,885,1.0000 
865,886,1.0000 
865,887,1.0000 
865,888,1.0000 
865,889,1.0000 
865,890,1.0000 
865,891,1.0000 
865,892,1.0000 
865,893,1.0000 
865,894,1.0000 
865,895,1.0000 
865,896,1.0000 
865,897,1.0000 
865,898,1.0000 
865,899,1.0000 
865,900,1.0000 
865,901,1.0000 
865,902,1.0000 
865,903,1.0000 
865,904,1.0000 
865,905,1.0000 
865,906,1.0000 
865,907,1.0000 
865,908,1.0000 
865,909,1.0000 
865,910,1.0000 
865,911,1.0000 
865,912,1.0000 
865,913,1.0000 
865,914,1.0000 
865,915,1.0000 
865,916,1.0000 
865,917,1.0000 
865,918,1.0000 
866,867,1.0000 
866,868,1.0000 
866,869,1.0000 
866,871,1.0000 
866,872,1.0000 
866,873,1.0000 
866,874,1.0000 
866,875,1.0000 
866,876,1.0000 
866,877,1.0000 
866,878,1.0000 
866,879,1.0000 
866,880,1.0000 
866,881,1.0000 
866,882,1.0000 
866,883,1.0000 
866,884,1.0000 
866,885,1.0000 
866,886,1.0000 
866,887,1.0000 
866,888,1.0000 
866,889,1.0000 
866,890,1.0000 
866,891,1.0000 
866,892,1.0000 
866,893,1.0000 
866,894,1.0000 
866,895,1.0000 
866,896,1.0000 
866,897,1.0000 
866,898,1.0000 
866,899,1.0000 
866,900,1.0000 
866,901,1.0000 
866,902,1.0000 
866,903,1.0000 
866,904,1.0000 
866,905,1.0000 
866,906,1.0000 
866,907,1.0000 
866,908,1.0000 
866,909,1.0000 
866,910,1.0000 
866,911,1.0000 
866,912,1.0000 
866,913,1.0000 
866,914,1.0000 
866,915,1.0000 
866,916,1.0000 
866,917,1.0000 
866,918,1.0000 
867,868,1.0000 
867,869,1.0000 
867,871,1.0000 
867,872,1.0000 
867,873,1.0000 
867,874,1.0000 
867,875,1.0000 
867,876,1.0000 
867,877,1.0000 
867,878,1.0000 
867,880,1.0000 
867,881,1.0000 
867,882,1.0000 
867,883,1.0000 
867,884,1.0000 
867,885,1.0000 
867,886,1.0000 
867,887,1.0000 
867,888,1.0000 
867,889,1.0000 
867,890,1.0000 
867,891,1.0000 
867,892,1.0000 
867,893,1.0000 
867,895,1.0000 
867,896,1.0000 
867,897,1.0000 
867,898,1.0000 
867,899,1.0000 
867,900,1.0000 
867,901,1.0000 
867,902,1.0000 
867,903,1.0000 
867,904,1.0000 
867,905,1.0000 
867,906,1.0000 
867,907,1.0000 
867,908,1.0000 
867,909,1.0000 
867,910,1.0000 
867,911,1.0000 
867,912,1.0000 
867,913,1.0000 
867,914,1.0000 
867,915,1.0000 
867,916,1.0000 
867,917,1.0000 
867,918,1.0000 
868,869,1.0000 
868,871,1.0000 
868,872,1.0000 
868,873,1.0000 
868,874,1.0000 
868,875,1.0000 
868,876,1.0000 
868,877,1.0000 
868,878,1.0000 
868,879,1.0000 
868,880,1.0000 
868,881,1.0000 
868,882,1.0000 
868,883,1.0000 
868,884,1.0000 
868,885,1.0000 
868,886,1.0000 
868,887,1.0000 
868,888,1.0000 
868,889,1.0000 
868,890,1.0000 
868,891,1.0000 
868,892,1.0000 
868,893,1.0000 
868,894,1.0000 
868,895,1.0000 
868,896,1.0000 
868,897,1.0000 
868,898,1.0000 
868,899,1.0000 
868,900,1.0000 
868,901,1.0000 
868,902,1.0000 
868,903,1.0000 
868,904,1.0000 
868,905,1.0000 
868,906,1.0000 
868,907,1.0000 
868,908,1.0000 
868,909,1.0000 
868,910,1.0000 
868,911,1.0000 
868,912,1.0000 
868,913,1.0000 
868,914,1.0000 
868,915,1.0000 
868,916,1.0000 
868,917,1.0000 
868,918,1.0000 
869,871,1.0000 
869,872,1.0000 
869,873,1.0000 
869,874,1.0000 
869,875,1.0000 
869,876,1.0000 
869,877,1.0000 
869,878,1.0000 
869,879,1.0000 
869,880,1.0000 
869,881,1.0000 
869,882,1.0000 
869,883,1.0000 
869,884,1.0000 
869,885,1.0000 
869,886,1.0000 
869,887,1.0000 
869,888,1.0000 
869,889,1.0000 
869,890,1.0000 
869,891,1.0000 
869,892,1.0000 
869,893,1.0000 
869,894,1.0000 
869,895,1.0000 
869,896,1.0000 
869,897,1.0000 
869,898,1.0000 
869,899,1.0000 
869,900,1.0000 
869,901,1.0000 
869,902,1.0000 
869,903,1.0000 
869,905,1.0000 
869,906,1.0000 
869,907,1.0000 
869,908,1.0000 
869,909,1.0000 
869,910,1.0000 
869,911,1.0000 
869,912,1.0000 
869,913,1.0000 
869,914,1.0000 
869,915,1.0000 
869,916,1.0000 
869,917,1.0000 
869,918,1.0000 
871,872,1.0000 
871,873,1.0000 
871,874,1.0000 
871,875,1.0000 
871,876,1.0000 
871,877,1.0000 
871,878,1.0000 
871,879,1.0000 
871,880,1.0000 
871,881,1.0000 
871,882,1.0000 
871,883,1.0000 
871,884,1.0000 
871,885,1.0000 
871,886,1.0000 
871,887,1.0000 
871,888,1.0000 
871,889,1.0000 
871,890,1.0000 
871,891,1.0000 
871,892,1.0000 
871,893,1.0000 
871,894,1.0000 
871,895,1.0000 
871,896,1.0000 
871,897,1.0000 
871,898,1.0000 
871,899,1.0000 
871,900,1.0000 
871,901,1.0000 
871,902,1.0000 
871,903,1.0000 
871,904,1.0000 
871,905,1.0000 
871,906,1.0000 
871,907,1.0000 
871,908,1.0000 
871,909,1.0000 
871,910,1.0000 
871,911,1.0000 
871,912,1.0000 
871,913,1.0000 
871,914,1.0000 
871,915,1.0000 
871,916,1.0000 
871,917,1.0000 
871,918,1.0000 
872,873,1.0000 
872,874,1.0000 
872,875,1.0000 
872,876,1.0000 
872,877,1.0000 
872,878,1.0000 
872,879,1.0000 
872,880,1.0000 
872,881,1.0000 
872,883,1.0000 
872,884,1.0000 
872,885,1.0000 
872,886,1.0000 
872,887,1.0000 
872,888,1.0000 
872,889,1.0000 
872,890,1.0000 
872,891,1.0000 
872,892,1.0000 
872,893,1.0000 
872,894,1.0000 
872,895,1.0000 
872,896,1.0000 
872,897,1.0000 
872,898,1.0000 
872,899,1.0000 
872,900,1.0000 
872,901,1.0000 
872,902,1.0000 
872,903,1.0000 
872,904,1.0000 
872,905,1.0000 
872,906,1.0000 
872,907,1.0000 
872,908,1.0000 
872,909,1.0000 
872,910,1.0000 
872,911,1.0000 
872,912,1.0000 
872,913,1.0000 
872,914,1.0000 
872,915,1.0000 
872,916,1.0000 
872,917,1.0000 
872,918,1.0000 
873,874,1.0000 
873,875,1.0000 
873,876,1.0000 
873,877,1.0000 
873,878,1.0000 
873,879,1.0000 
873,880,1.0000 
873,881,1.0000 
873,882,1.0000 
873,883,1.0000 
873,884,1.0000 
873,885,1.0000 
873,886,1.0000 
873,887,1.0000 
873,888,1.0000 
873,889,1.0000 
873,891,1.0000 
873,892,1.0000 
873,893,1.0000 
873,894,1.0000 
873,895,1.0000 
873,896,1.0000 
873,897,1.0000 
873,898,1.0000 
873,899,1.0000 
873,900,1.0000 
873,901,1.0000 
873,902,1.0000 
873,903,1.0000 
873,904,1.0000 
873,905,1.0000 
873,906,1.0000 
873,907,1.0000 
873,908,1.0000 
873,909,1.0000 
873,910,1.0000 
873,911,1.0000 
873,912,1.0000 
873,913,1.0000 
873,914,1.0000 
873,915,1.0000 
873,916,1.0000 
873,917,1.0000 
873,918,1.0000 
874,875,1.0000 
874,876,1.0000 
874,877,1.0000 
874,878,1.0000 
874,879,1.0000 
874,880,1.0000 
874,881,1.0000 
874,882,1.0000 
874,883,1.0000 
874,884,1.0000 
874,885,1.0000 
874,886,1.0000 
874,887,1.0000 
874,888,1.0000 
874,889,1.0000 
874,890,1.0000 
874,891,1.0000 
874,892,1.0000 
874,893,1.0000 
874,894,1.0000 
874,895,1.0000 
874,896,1.0000 
874,897,1.0000 
874,898,1.0000 
874,899,1.0000 
874,900,1.0000 
874,901,1.0000 
874,902,1.0000 
874,903,1.0000 
874,904,1.0000 
874,905,1.0000 
874,906,1.0000 
874,907,1.0000 
874,908,1.0000 
874,909,1.0000 
874,910,1.0000 
874,911,1.0000 
874,912,1.0000 
874,913,1.0000 
874,914,1.0000 
874,915,1.0000 
874,916,1.0000 
874,917,1.0000 
874,918,1.0000 
875,876,1.0000 
875,877,1.0000 
875,878,1.0000 
875,879,1.0000 
875,880,1.0000 
875,881,1.0000 
875,882,1.0000 
875,883,1.0000 
875,884,1.0000 
875,885,1.0000 
875,886,1.0000 
875,887,1.0000 
875,888,1.0000 
875,889,1.0000 
875,890,1.0000 
875,891,1.0000 
875,892,1.0000 
875,893,1.0000 
875,894,1.0000 
875,895,1.0000 
875,896,1.0000 
875,897,1.0000 
875,898,1.0000 
875,899,1.0000 
875,900,1.0000 
875,901,1.0000 
875,902,1.0000 
875,903,1.0000 
875,904,1.0000 
875,905,1.0000 
875,906,1.0000 
875,907,1.0000 
875,908,1.0000 
875,909,1.0000 
875,910,1.0000 
875,911,1.0000 
875,912,1.0000 
875,913,1.0000 
875,914,1.0000 
875,915,1.0000 
875,916,1.0000 
875,917,1.0000 
875,918,1.0000 
876,877,1.0000 
876,878,1.0000 
876,879,1.0000 
876,880,1.0000 
876,881,1.0000 
876,882,1.0000 
876,883,1.0000 
876,884,1.0000 
876,885,1.0000 
876,886,1.0000 
876,887,1.0000 
876,888,1.0000 
876,889,1.0000 
876,890,1.0000 
876,891,1.0000 
876,892,1.0000 
876,893,1.0000 
876,894,1.0000 
876,895,1.0000 
876,896,1.0000 
876,897,1.0000 
876,898,1.0000 
876,899,1.0000 
876,900,1.0000 
876,901,1.0000 
876,902,1.0000 
876,903,1.0000 
876,904,1.0000 
876,905,1.0000 
876,906,1.0000 
876,907,1.0000 
876,908,1.0000 
876,909,1.0000 
876,910,1.0000 
876,911,1.0000 
876,912,1.0000 
876,913,1.0000 
876,914,1.0000 
876,915,1.0000 
876,916,1.0000 
876,917,1.0000 
876,918,1.0000 
877,878,1.0000 
877,879,1.0000 
877,880,1.0000 
877,881,1.0000 
877,882,1.0000 
877,883,1.0000 
877,884,1.0000 
877,885,1.0000 
877,886,1.0000 
877,887,1.0000 
877,888,1.0000 
877,889,1.0000 
877,890,1.0000 
877,891,1.0000 
877,892,1.0000 
877,893,1.0000 
877,894,1.0000 
877,895,1.0000 
877,896,1.0000 
877,897,1.0000 
877,898,1.0000 
877,899,1.0000 
877,900,1.0000 
877,901,1.0000 
877,902,1.0000 
877,903,1.0000 
877,904,1.0000 
877,905,1.0000 
877,906,1.0000 
877,907,1.0000 
877,908,1.0000 
877,909,1.0000 
877,910,1.0000 
877,911,1.0000 
877,912,1.0000 
877,913,1.0000 
877,914,1.0000 
877,915,1.0000 
877,916,1.0000 
877,917,1.0000 
877,918,1.0000 
878,879,1.0000 
878,880,1.0000 
878,881,1.0000 
878,882,1.0000 
878,884,1.0000 
878,885,1.0000 
878,886,1.0000 
878,887,1.0000 
878,888,1.0000 
878,889,1.0000 
878,890,1.0000 
878,891,1.0000 
878,892,1.0000 
878,893,1.0000 
878,894,1.0000 
878,895,1.0000 
878,896,1.0000 
878,897,1.0000 
878,898,1.0000 
878,899,1.0000 
878,900,1.0000 
878,901,1.0000 
878,902,1.0000 
878,903,1.0000 
878,904,1.0000 
878,905,1.0000 
878,906,1.0000 
878,907,1.0000 
878,908,1.0000 
878,909,1.0000 
878,910,1.0000 
878,911,1.0000 
878,912,1.0000 
878,914,1.0000 
878,915,1.0000 
878,916,1.0000 
878,917,1.0000 
878,918,1.0000 
879,880,1.0000 
879,881,1.0000 
879,882,1.0000 
879,883,1.0000 
879,884,1.0000 
879,885,1.0000 
879,886,1.0000 
879,887,1.0000 
879,888,1.0000 
879,889,1.0000 
879,890,1.0000 
879,891,1.0000 
879,892,1.0000 
879,893,1.0000 
879,895,1.0000 
879,896,1.0000 
879,897,1.0000 
879,898,1.0000 
879,899,1.0000 
879,900,1.0000 
879,901,1.0000 
879,902,1.0000 
879,903,1.0000 
879,904,1.0000 
879,905,1.0000 
879,906,1.0000 
879,907,1.0000 
879,908,1.0000 
879,909,1.0000 
879,910,1.0000 
879,911,1.0000 
879,912,1.0000 
879,913,1.0000 
879,914,1.0000 
879,915,1.0000 
879,916,1.0000 
879,917,1.0000 
879,918,1.0000 
880,881,1.0000 
880,882,1.0000 
880,883,1.0000 
880,884,1.0000 
880,885,1.0000 
880,886,1.0000 
880,887,1.0000 
880,888,1.0000 
880,889,1.0000 
880,890,1.0000 
880,891,1.0000 
880,892,1.0000 
880,893,1.0000 
880,894,1.0000 
880,895,1.0000 
880,896,1.0000 
880,897,1.0000 
880,898,1.0000 
880,899,1.0000 
880,900,1.0000 
880,901,1.0000 
880,902,1.0000 
880,903,1.0000 
880,904,1.0000 
880,905,1.0000 
880,906,1.0000 
880,907,1.0000 
880,908,1.0000 
880,909,1.0000 
880,910,1.0000 
880,911,1.0000 
880,912,1.0000 
880,913,1.0000 
880,914,1.0000 
880,915,1.0000 
880,916,1.0000 
880,917,1.0000 
880,918,1.0000 
881,882,1.0000 
881,883,1.0000 
881,884,1.0000 
881,885,1.0000 
881,886,1.0000 
881,887,1.0000 
881,888,1.0000 
881,889,1.0000 
881,890,1.0000 
881,891,1.0000 
881,892,1.0000 
881,893,1.0000 
881,894,1.0000 
881,895,1.0000 
881,896,1.0000 
881,897,1.0000 
881,898,1.0000 
881,899,1.0000 
881,900,1.0000 
881,901,1.0000 
881,902,1.0000 
881,903,1.0000 
881,904,1.0000 
881,905,1.0000 
881,906,1.0000 
881,907,1.0000 
881,908,1.0000 
881,909,1.0000 
881,910,1.0000 
881,911,1.0000 
881,912,1.0000 
881,913,1.0000 
881,914,1.0000 
881,915,1.0000 
881,916,1.0000 
881,917,1.0000 
881,918,1.0000 
882,883,1.0000 
882,884,1.0000 
882,885,1.0000 
882,886,1.0000 
882,887,1.0000 
882,888,1.0000 
882,889,1.0000 
882,890,1.0000 
882,891,1.0000 
882,892,1.0000 
882,893,1.0000 
882,894,1.0000 
882,895,1.0000 
882,896,1.0000 
882,897,1.0000 
882,898,1.0000 
882,899,1.0000 
882,900,1.0000 
882,901,1.0000 
882,902,1.0000 
882,903,1.0000 
882,904,1.0000 
882,905,1.0000 
882,906,1.0000 
882,907,1.0000 
882,908,1.0000 
882,909,1.0000 
882,910,1.0000 
882,911,1.0000 
882,912,1.0000 
882,913,1.0000 
882,914,1.0000 
882,915,1.0000 
882,916,1.0000 
882,917,1.0000 
882,918,1.0000 
883,884,1.0000 
883,885,1.0000 
883,886,1.0000 
883,887,1.0000 
883,888,1.0000 
883,889,1.0000 
883,890,1.0000 
883,891,1.0000 
883,892,1.0000 
883,893,1.0000 
883,894,1.0000 
883,895,1.0000 
883,896,1.0000 
883,897,1.0000 
883,898,1.0000 
883,899,1.0000 
883,900,1.0000 
883,901,1.0000 
883,902,1.0000 
883,903,1.0000 
883,904,1.0000 
883,905,1.0000 
883,906,1.0000 
883,907,1.0000 
883,908,1.0000 
883,909,1.0000 
883,910,1.0000 
883,911,1.0000 
883,912,1.0000 
883,914,1.0000 
883,915,1.0000 
883,916,1.0000 
883,917,1.0000 
883,918,1.0000 
884,885,1.0000 
884,886,1.0000 
884,887,1.0000 
884,888,1.0000 
884,889,1.0000 
884,890,1.0000 
884,891,1.0000 
884,892,1.0000 
884,893,1.0000 
884,894,1.0000 
884,895,1.0000 
884,896,1.0000 
884,897,1.0000 
884,898,1.0000 
884,899,1.0000 
884,900,1.0000 
884,901,1.0000 
884,902,1.0000 
884,903,1.0000 
884,904,1.0000 
884,905,1.0000 
884,906,1.0000 
884,907,1.0000 
884,908,1.0000 
884,909,1.0000 
884,910,1.0000 
884,911,1.0000 
884,912,1.0000 
884,913,1.0000 
884,914,1.0000 
884,915,1.0000 
884,916,1.0000 
884,917,1.0000 
884,918,1.0000 
885,886,1.0000 
885,887,1.0000 
885,888,1.0000 
885,890,1.0000 
885,891,1.0000 
885,892,1.0000 
885,893,1.0000 
885,894,1.0000 
885,895,1.0000 
885,896,1.0000 
885,898,1.0000 
885,899,1.0000 
885,900,1.0000 
885,901,1.0000 
885,902,1.0000 
885,903,1.0000 
885,904,1.0000 
885,905,1.0000 
885,906,1.0000 
885,907,1.0000 
885,908,1.0000 
885,909,1.0000 
885,910,1.0000 
885,911,1.0000 
885,912,1.0000 
885,913,1.0000 
885,914,1.0000 
885,915,1.0000 
885,916,1.0000 
885,917,1.0000 
885,918,1.0000 
886,887,1.0000 
886,888,1.0000 
886,889,1.0000 
886,890,1.0000 
886,891,1.0000 
886,892,1.0000 
886,893,1.0000 
886,894,1.0000 
886,895,1.0000 
886,896,1.0000 
886,897,1.0000 
886,898,1.0000 
886,899,1.0000 
886,900,1.0000 
886,901,1.0000 
886,902,1.0000 
886,903,1.0000 
886,904,1.0000 
886,905,1.0000 
886,906,1.0000 
886,907,1.0000 
886,908,1.0000 
886,909,1.0000 
886,910,1.0000 
886,911,1.0000 
886,912,1.0000 
886,913,1.0000 
886,914,1.0000 
886,915,1.0000 
886,916,1.0000 
886,917,1.0000 
886,918,1.0000 
887,888,1.0000 
887,889,1.0000 
887,890,1.0000 
887,891,1.0000 
887,892,1.0000 
887,893,1.0000 
887,894,1.0000 
887,895,1.0000 
887,896,1.0000 
887,897,1.0000 
887,898,1.0000 
887,899,1.0000 
887,900,1.0000 
887,901,1.0000 
887,902,1.0000 
887,903,1.0000 
887,904,1.0000 
887,905,1.0000 
887,906,1.0000 
887,907,1.0000 
887,908,1.0000 
887,909,1.0000 
887,910,1.0000 
887,911,1.0000 
887,912,1.0000 
887,913,1.0000 
887,914,1.0000 
887,915,1.0000 
887,916,1.0000 
887,917,1.0000 
887,918,1.0000 
888,889,1.0000 
888,890,1.0000 
888,891,1.0000 
888,892,1.0000 
888,893,1.0000 
888,894,1.0000 
888,895,1.0000 
888,896,1.0000 
888,897,1.0000 
888,898,1.0000 
888,899,1.0000 
888,900,1.0000 
888,901,1.0000 
888,902,1.0000 
888,903,1.0000 
888,904,1.0000 
888,905,1.0000 
888,906,1.0000 
888,907,1.0000 
888,908,1.0000 
888,909,1.0000 
888,910,1.0000 
888,911,1.0000 
888,912,1.0000 
888,913,1.0000 
888,914,1.0000 
888,915,1.0000 
888,916,1.0000 
888,917,1.0000 
888,918,1.0000 
889,890,1.0000 
889,891,1.0000 
889,892,1.0000 
889,893,1.0000 
889,894,1.0000 
889,895,1.0000 
889,896,1.0000 
889,898,1.0000 
889,899,1.0000 
889,900,1.0000 
889,901,1.0000 
889,902,1.0000 
889,903,1.0000 
889,904,1.0000 
889,905,1.0000 
889,906,1.0000 
889,907,1.0000 
889,908,1.0000 
889,909,1.0000 
889,910,1.0000 
889,911,1.0000 
889,912,1.0000 
889,913,1.0000 
889,914,1.0000 
889,915,1.0000 
889,916,1.0000 
889,917,1.0000 
889,918,1.0000 
890,891,1.0000 
890,892,1.0000 
890,893,1.0000 
890,894,1.0000 
890,895,1.0000 
890,896,1.0000 
890,897,1.0000 
890,898,1.0000 
890,899,1.0000 
890,900,1.0000 
890,901,1.0000 
890,902,1.0000 
890,903,1.0000 
890,904,1.0000 
890,905,1.0000 
890,906,1.0000 
890,907,1.0000 
890,908,1.0000 
890,909,1.0000 
890,910,1.0000 
890,911,1.0000 
890,912,1.0000 
890,913,1.0000 
890,914,1.0000 
890,915,1.0000 
890,916,1.0000 
890,917,1.0000 
890,918,1.0000 
891,892,1.0000 
891,893,1.0000 
891,894,1.0000 
891,895,1.0000 
891,896,1.0000 
891,897,1.0000 
891,898,1.0000 
891,899,1.0000 
891,900,1.0000 
891,901,1.0000 
891,902,1.0000 
891,903,1.0000 
891,904,1.0000 
891,905,1.0000 
891,906,1.0000 
891,907,1.0000 
891,908,1.0000 
891,909,1.0000 
891,910,1.0000 
891,911,1.0000 
891,912,1.0000 
891,913,1.0000 
891,914,1.0000 
891,915,1.0000 
891,916,1.0000 
891,917,1.0000 
891,918,1.0000 
892,893,1.0000 
892,894,1.0000 
892,895,1.0000 
892,896,1.0000 
892,897,1.0000 
892,898,1.0000 
892,899,1.0000 
892,900,1.0000 
892,901,1.0000 
892,902,1.0000 
892,903,1.0000 
892,904,1.0000 
892,905,1.0000 
892,906,1.0000 
892,907,1.0000 
892,908,1.0000 
892,909,1.0000 
892,910,1.0000 
892,911,1.0000 
892,912,1.0000 
892,913,1.0000 
892,914,1.0000 
892,915,1.0000 
892,916,1.0000 
892,917,1.0000 
892,918,1.0000 
893,894,1.0000 
893,895,1.0000 
893,896,1.0000 
893,897,1.0000 
893,898,1.0000 
893,899,1.0000 
893,900,1.0000 
893,901,1.0000 
893,902,1.0000 
893,903,1.0000 
893,904,1.0000 
893,905,1.0000 
893,906,1.0000 
893,907,1.0000 
893,908,1.0000 
893,909,1.0000 
893,910,1.0000 
893,911,1.0000 
893,912,1.0000 
893,913,1.0000 
893,914,1.0000 
893,915,1.0000 
893,916,1.0000 
893,917,1.0000 
893,918,1.0000 
894,895,1.0000 
894,896,1.0000 
894,897,1.0000 
894,898,1.0000 
894,899,1.0000 
894,900,1.0000 
894,901,1.0000 
894,902,1.0000 
894,903,1.0000 
894,904,1.0000 
894,905,1.0000 
894,906,1.0000 
894,907,1.0000 
894,908,1.0000 
894,909,1.0000 
894,910,1.0000 
894,911,1.0000 
894,912,1.0000 
894,913,1.0000 
894,914,1.0000 
894,915,1.0000 
894,916,1.0000 
894,917,1.0000 
894,918,1.0000 
895,896,1.0000 
895,897,1.0000 
895,898,1.0000 
895,899,1.0000 
895,900,1.0000 
895,901,1.0000 
895,902,1.0000 
895,903,1.0000 
895,904,1.0000 
895,905,1.0000 
895,906,1.0000 
895,907,1.0000 
895,908,1.0000 
895,909,1.0000 
895,910,1.0000 
895,911,1.0000 
895,912,1.0000 
895,913,1.0000 
895,914,1.0000 
895,915,1.0000 
895,916,1.0000 
895,917,1.0000 
895,918,1.0000 
896,897,1.0000 
896,898,1.0000 
896,899,1.0000 
896,900,1.0000 
896,901,1.0000 
896,902,1.0000 
896,903,1.0000 
896,904,1.0000 
896,905,1.0000 
896,906,1.0000 
896,907,1.0000 
896,908,1.0000 
896,909,1.0000 
896,910,1.0000 
896,911,1.0000 
896,912,1.0000 
896,913,1.0000 
896,914,1.0000 
896,915,1.0000 
896,916,1.0000 
896,917,1.0000 
896,918,1.0000 
897,898,1.0000 
897,899,1.0000 
897,900,1.0000 
897,901,1.0000 
897,902,1.0000 
897,903,1.0000 
897,904,1.0000 
897,905,1.0000 
897,906,1.0000 
897,907,1.0000 
897,908,1.0000 
897,909,1.0000 
897,910,1.0000 
897,911,1.0000 
897,912,1.0000 
897,913,1.0000 
897,914,1.0000 
897,915,1.0000 
897,916,1.0000 
897,917,1.0000 
897,918,1.0000 
898,899,1.0000 
898,900,1.0000 
898,901,1.0000 
898,902,1.0000 
898,903,1.0000 
898,904,1.0000 
898,905,1.0000 
898,906,1.0000 
898,907,1.0000 
898,908,1.0000 
898,909,1.0000 
898,910,1.0000 
898,911,1.0000 
898,912,1.0000 
898,913,1.0000 
898,914,1.0000 
898,915,1.0000 
898,916,1.0000 
898,917,1.0000 
898,918,1.0000 
899,900,1.0000 
899,901,1.0000 
899,902,1.0000 
899,903,1.0000 
899,904,1.0000 
899,905,1.0000 
899,906,1.0000 
899,907,1.0000 
899,908,1.0000 
899,909,1.0000 
899,910,1.0000 
899,911,1.0000 
899,912,1.0000 
899,913,1.0000 
899,914,1.0000 
899,915,1.0000 
899,916,1.0000 
899,917,1.0000 
899,918,1.0000 
900,901,1.0000 
900,902,1.0000 
900,903,1.0000 
900,904,1.0000 
900,905,1.0000 
900,906,1.0000 
900,907,1.0000 
900,908,1.0000 
900,909,1.0000 
900,910,1.0000 
900,911,1.0000 
900,912,1.0000 
900,913,1.0000 
900,914,1.0000 
900,915,1.0000 
900,916,1.0000 
900,917,1.0000 
900,918,1.0000 
901,902,1.0000 
901,903,1.0000 
901,904,1.0000 
901,905,1.0000 
901,906,1.0000 
901,907,1.0000 
901,908,1.0000 
901,909,1.0000 
901,910,1.0000 
901,911,1.0000 
901,912,1.0000 
901,913,1.0000 
901,914,1.0000 
901,915,1.0000 
901,916,1.0000 
901,917,1.0000 
901,918,1.0000 
902,903,1.0000 
902,904,1.0000 
902,905,1.0000 
902,906,1.0000 
902,907,1.0000 
902,908,1.0000 
902,909,1.0000 
902,910,1.0000 
902,911,1.0000 
902,912,1.0000 
902,913,1.0000 
902,914,1.0000 
902,915,1.0000 
902,916,1.0000 
902,917,1.0000 
902,918,1.0000 
903,904,1.0000 
903,905,1.0000 
903,906,1.0000 
903,907,1.0000 
903,908,1.0000 
903,909,1.0000 
903,910,1.0000 
903,911,1.0000 
903,912,1.0000 
903,913,1.0000 
903,914,1.0000 
903,915,1.0000 
903,916,1.0000 
903,917,1.0000 
903,918,1.0000 
904,905,1.0000 
904,906,1.0000 
904,907,1.0000 
904,908,1.0000 
904,909,1.0000 
904,910,1.0000 
904,911,1.0000 
904,912,1.0000 
904,913,1.0000 
904,914,1.0000 
904,915,1.0000 
904,916,1.0000 
904,917,1.0000 
904,918,1.0000 
905,906,1.0000 
905,907,1.0000 
905,908,1.0000 
905,909,1.0000 
905,910,1.0000 
905,911,1.0000 
905,912,1.0000 
905,913,1.0000 
905,914,1.0000 
905,915,1.0000 
905,916,1.0000 
905,917,1.0000 
905,918,1.0000 
906,907,1.0000 
906,908,1.0000 
906,909,1.0000 
906,910,1.0000 
906,911,1.0000 
906,912,1.0000 
906,913,1.0000 
906,914,1.0000 
906,915,1.0000 
906,916,1.0000 
906,917,1.0000 
906,918,1.0000 
907,908,1.0000 
907,909,1.0000 
907,910,1.0000 
907,911,1.0000 
907,912,1.0000 
907,913,1.0000 
907,914,1.0000 
907,915,1.0000 
907,916,1.0000 
907,917,1.0000 
907,918,1.0000 
908,909,1.0000 
908,910,1.0000 
908,911,1.0000 
908,912,1.0000 
908,913,1.0000 
908,914,1.0000 
908,915,1.0000 
908,916,1.0000 
908,917,1.0000 
908,918,1.0000 
909,910,1.0000 
909,911,1.0000 
909,912,1.0000 
909,913,1.0000 
909,914,1.0000 
909,915,1.0000 
909,916,1.0000 
909,917,1.0000 
909,918,1.0000 
910,911,1.0000 
910,912,1.0000 
910,913,1.0000 
910,914,1.0000 
910,915,1.0000 
910,916,1.0000 
910,917,1.0000 
910,918,1.0000 
911,912,1.0000 
911,913,1.0000 
911,914,1.0000 
911,915,1.0000 
911,916,1.0000 
911,917,1.0000 
911,918,1.0000 
912,913,1.0000 
912,914,1.0000 
912,915,1.0000 
912,916,1.0000 
912,917,1.0000 
912,918,1.0000 
913,914,1.0000 
913,915,1.0000 
913,916,1.0000 
913,917,1.0000 
913,918,1.0000 
914,915,1.0000 
914,916,1.0000 
914,917,1.0000 
914,918,1.0000 
915,916,1.0000 
915,917,1.0000 
915,918,1.0000 
916,917,1.0000 
916,918,1.0000 
917,918,1.0000 
